0.26657	0.271559	0.204556	2.23635	-1.13353	-2.4099	
0.266542	0.271511	0.204398	2.2353	-1.13393	-2.40913	
0.266514	0.271463	0.204239	2.23425	-1.13433	-2.40837	
0.266485	0.271415	0.204081	2.2332	-1.13472	-2.4076	
0.266457	0.271367	0.203923	2.23215	-1.13512	-2.40684	
0.266429	0.271319	0.203765	2.23109	-1.13551	-2.40607	
0.2664	0.271271	0.203607	2.23004	-1.13591	-2.4053	
0.266372	0.271223	0.203448	2.22898	-1.1363	-2.40453	
0.266343	0.271174	0.20329	2.22792	-1.1367	-2.40376	
0.266314	0.271126	0.203132	2.22686	-1.13709	-2.40298	
0.266285	0.271078	0.202974	2.2258	-1.13748	-2.4022	
0.266256	0.27103	0.202815	2.22474	-1.13788	-2.40143	
0.266227	0.270982	0.202657	2.22367	-1.13827	-2.40065	
0.266198	0.270934	0.202499	2.22261	-1.13866	-2.39987	
0.266169	0.270886	0.202341	2.22154	-1.13906	-2.39908	
0.266139	0.270838	0.202183	2.22047	-1.13945	-2.3983	
0.26611	0.27079	0.202024	2.2194	-1.13984	-2.39751	
0.26608	0.270742	0.201866	2.21832	-1.14023	-2.39672	
0.266051	0.270694	0.201708	2.21725	-1.14062	-2.39594	
0.266021	0.270646	0.20155	2.21617	-1.14101	-2.39514	
0.265991	0.270598	0.201392	2.2151	-1.1414	-2.39435	
0.265961	0.27055	0.201233	2.21402	-1.14179	-2.39356	
0.265931	0.270501	0.201075	2.21294	-1.14218	-2.39276	
0.265901	0.270453	0.200917	2.21185	-1.14257	-2.39196	
0.26587	0.270405	0.200759	2.21077	-1.14296	-2.39116	
0.26584	0.270357	0.200601	2.20968	-1.14335	-2.39036	
0.265809	0.270309	0.200442	2.20859	-1.14374	-2.38956	
0.265779	0.270261	0.200284	2.2075	-1.14412	-2.38876	
0.265748	0.270213	0.200126	2.20641	-1.14451	-2.38795	
0.265717	0.270165	0.199968	2.20532	-1.1449	-2.38714	
0.265686	0.270117	0.19981	2.20423	-1.14529	-2.38633	
0.265655	0.270069	0.199652	2.20313	-1.14567	-2.38552	
0.265624	0.270021	0.199493	2.20203	-1.14606	-2.38471	
0.265593	0.269973	0.199335	2.20093	-1.14644	-2.3839	
0.265562	0.269925	0.199177	2.19983	-1.14683	-2.38308	
0.265531	0.269877	0.199019	2.19873	-1.14721	-2.38226	
0.265499	0.269829	0.198861	2.19763	-1.1476	-2.38144	
0.265467	0.269781	0.198703	2.19652	-1.14798	-2.38062	
0.265436	0.269733	0.198544	2.19541	-1.14836	-2.3798	
0.265404	0.269685	0.198386	2.1943	-1.14875	-2.37898	
0.265372	0.269637	0.198228	2.19319	-1.14913	-2.37815	
0.26534	0.269589	0.19807	2.19208	-1.14951	-2.37732	
0.265308	0.26954	0.197912	2.19096	-1.1499	-2.37649	
0.265276	0.269492	0.197754	2.18985	-1.15028	-2.37566	
0.265244	0.269444	0.197596	2.18873	-1.15066	-2.37483	
0.265211	0.269396	0.197438	2.18761	-1.15104	-2.37399	
0.265179	0.269348	0.197279	2.18649	-1.15142	-2.37316	
0.265146	0.2693	0.197121	2.18537	-1.1518	-2.37232	
0.265113	0.269252	0.196963	2.18424	-1.15218	-2.37148	
0.265081	0.269204	0.196805	2.18312	-1.15256	-2.37064	
0.265048	0.269156	0.196647	2.18199	-1.15294	-2.36979	
0.265015	0.269108	0.196489	2.18086	-1.15332	-2.36895	
0.264982	0.26906	0.196331	2.17973	-1.15369	-2.3681	
0.264948	0.269012	0.196173	2.17859	-1.15407	-2.36725	
0.264915	0.268964	0.196015	2.17746	-1.15445	-2.3664	
0.264882	0.268916	0.195856	2.17632	-1.15483	-2.36555	
0.264848	0.268868	0.195698	2.17518	-1.1552	-2.3647	
0.264815	0.26882	0.19554	2.17404	-1.15558	-2.36384	
0.264781	0.268772	0.195382	2.1729	-1.15596	-2.36299	
0.264747	0.268724	0.195224	2.17176	-1.15633	-2.36213	
0.264713	0.268676	0.195066	2.17061	-1.15671	-2.36127	
0.264679	0.268628	0.194908	2.16946	-1.15708	-2.3604	
0.264645	0.26858	0.19475	2.16831	-1.15746	-2.35954	
0.264611	0.268532	0.194592	2.16716	-1.15783	-2.35867	
0.264577	0.268484	0.194434	2.16601	-1.1582	-2.35781	
0.264542	0.268436	0.194276	2.16486	-1.15858	-2.35694	
0.264508	0.268388	0.194118	2.1637	-1.15895	-2.35606	
0.264473	0.26834	0.19396	2.16254	-1.15932	-2.35519	
0.264439	0.268292	0.193802	2.16138	-1.15969	-2.35432	
0.264404	0.268244	0.193644	2.16022	-1.16006	-2.35344	
0.264369	0.268196	0.193486	2.15906	-1.16044	-2.35256	
0.264334	0.268148	0.193328	2.15789	-1.16081	-2.35168	
0.264299	0.2681	0.19317	2.15673	-1.16118	-2.3508	
0.264264	0.268052	0.193012	2.15556	-1.16155	-2.34992	
0.264228	0.268004	0.192854	2.15439	-1.16192	-2.34903	
0.264193	0.267956	0.192696	2.15322	-1.16228	-2.34814	
0.264158	0.267908	0.192538	2.15204	-1.16265	-2.34725	
0.264122	0.26786	0.19238	2.15087	-1.16302	-2.34636	
0.264086	0.267812	0.192222	2.14969	-1.16339	-2.34547	
0.264051	0.267764	0.192064	2.14851	-1.16376	-2.34457	
0.264015	0.267716	0.191906	2.14733	-1.16412	-2.34368	
0.263979	0.267668	0.191748	2.14615	-1.16449	-2.34278	
0.263943	0.26762	0.19159	2.14496	-1.16486	-2.34188	
0.263906	0.267572	0.191432	2.14377	-1.16522	-2.34098	
0.26387	0.267524	0.191274	2.14259	-1.16559	-2.34007	
0.263834	0.267477	0.191116	2.1414	-1.16595	-2.33917	
0.263797	0.267429	0.190958	2.1402	-1.16632	-2.33826	
0.263761	0.267381	0.1908	2.13901	-1.16668	-2.33735	
0.263724	0.267333	0.190642	2.13782	-1.16704	-2.33644	
0.263687	0.267285	0.190484	2.13662	-1.16741	-2.33553	
0.26365	0.267237	0.190327	2.13542	-1.16777	-2.33461	
0.263613	0.267189	0.190169	2.13422	-1.16813	-2.3337	
0.263576	0.267141	0.190011	2.13301	-1.16849	-2.33278	
0.263539	0.267093	0.189853	2.13181	-1.16885	-2.33186	
0.263502	0.267045	0.189695	2.1306	-1.16922	-2.33094	
0.263464	0.266997	0.189537	2.12939	-1.16958	-2.33001	
0.263427	0.266949	0.189379	2.12818	-1.16994	-2.32909	
0.263389	0.266901	0.189221	2.12697	-1.1703	-2.32816	
0.263352	0.266853	0.189064	2.12576	-1.17065	-2.32723	
0.263314	0.266805	0.188906	2.12454	-1.17101	-2.3263	
0.263276	0.266757	0.188748	2.12332	-1.17137	-2.32536	
0.263238	0.266709	0.18859	2.1221	-1.17173	-2.32443	
0.2632	0.266662	0.188432	2.12088	-1.17209	-2.32349	
0.263162	0.266614	0.188275	2.11966	-1.17244	-2.32255	
0.263124	0.266566	0.188117	2.11843	-1.1728	-2.32161	
0.263085	0.266518	0.187959	2.11721	-1.17316	-2.32067	
0.263047	0.26647	0.187801	2.11598	-1.17351	-2.31973	
0.263008	0.266422	0.187643	2.11475	-1.17387	-2.31878	
0.262969	0.266374	0.187486	2.11351	-1.17422	-2.31783	
0.262931	0.266326	0.187328	2.11228	-1.17458	-2.31688	
0.262892	0.266278	0.18717	2.11104	-1.17493	-2.31593	
0.262853	0.26623	0.187012	2.10981	-1.17528	-2.31497	
0.262814	0.266182	0.186855	2.10857	-1.17564	-2.31402	
0.262774	0.266135	0.186697	2.10732	-1.17599	-2.31306	
0.262735	0.266087	0.186539	2.10608	-1.17634	-2.3121	
0.262696	0.266039	0.186381	2.10483	-1.17669	-2.31114	
0.262656	0.265991	0.186224	2.10359	-1.17704	-2.31018	
0.262617	0.265943	0.186066	2.10234	-1.17739	-2.30921	
0.262577	0.265895	0.185908	2.10108	-1.17774	-2.30824	
0.262537	0.265847	0.185751	2.09983	-1.17809	-2.30727	
0.262497	0.265799	0.185593	2.09857	-1.17844	-2.3063	
0.262457	0.265751	0.185435	2.09732	-1.17879	-2.30533	
0.262417	0.265704	0.185278	2.09606	-1.17914	-2.30436	
0.262377	0.265656	0.18512	2.0948	-1.17949	-2.30338	
0.262337	0.265608	0.184962	2.09353	-1.17983	-2.3024	
0.262296	0.26556	0.184805	2.09227	-1.18018	-2.30142	
0.262256	0.265512	0.184647	2.091	-1.18053	-2.30044	
0.262215	0.265464	0.184489	2.08973	-1.18087	-2.29945	
0.262175	0.265416	0.184332	2.08846	-1.18122	-2.29847	
0.262134	0.265368	0.184174	2.08719	-1.18156	-2.29748	
0.262093	0.265321	0.184017	2.08591	-1.18191	-2.29649	
0.262052	0.265273	0.183859	2.08464	-1.18225	-2.29549	
0.262011	0.265225	0.183702	2.08336	-1.18259	-2.2945	
0.26197	0.265177	0.183544	2.08208	-1.18294	-2.2935	
0.261929	0.265129	0.183386	2.0808	-1.18328	-2.29251	
0.261887	0.265081	0.183229	2.07951	-1.18362	-2.29151	
0.261846	0.265034	0.183071	2.07823	-1.18396	-2.2905	
0.261804	0.264986	0.182914	2.07694	-1.1843	-2.2895	
0.261762	0.264938	0.182756	2.07565	-1.18465	-2.28849	
0.261721	0.26489	0.182599	2.07435	-1.18499	-2.28749	
0.261679	0.264842	0.182441	2.07306	-1.18532	-2.28648	
0.261637	0.264794	0.182284	2.07176	-1.18566	-2.28546	
0.261595	0.264747	0.182126	2.07047	-1.186	-2.28445	
0.261553	0.264699	0.181969	2.06917	-1.18634	-2.28343	
0.26151	0.264651	0.181811	2.06786	-1.18668	-2.28242	
0.261468	0.264603	0.181654	2.06656	-1.18701	-2.2814	
0.261425	0.264555	0.181497	2.06525	-1.18735	-2.28037	
0.261383	0.264507	0.181339	2.06395	-1.18769	-2.27935	
0.26134	0.26446	0.181182	2.06264	-1.18802	-2.27833	
0.261297	0.264412	0.181024	2.06132	-1.18836	-2.2773	
0.261254	0.264364	0.180867	2.06001	-1.18869	-2.27627	
0.261211	0.264316	0.18071	2.05869	-1.18903	-2.27524	
0.261168	0.264268	0.180552	2.05738	-1.18936	-2.2742	
0.261125	0.264221	0.180395	2.05606	-1.18969	-2.27317	
0.261082	0.264173	0.180237	2.05473	-1.19003	-2.27213	
0.261039	0.264125	0.18008	2.05341	-1.19036	-2.27109	
0.260995	0.264077	0.179923	2.05208	-1.19069	-2.27005	
0.260951	0.26403	0.179765	2.05076	-1.19102	-2.269	
0.260908	0.263982	0.179608	2.04943	-1.19135	-2.26796	
0.260864	0.263934	0.179451	2.0481	-1.19168	-2.26691	
0.26082	0.263886	0.179294	2.04676	-1.19201	-2.26586	
0.260776	0.263838	0.179136	2.04543	-1.19234	-2.26481	
0.260732	0.263791	0.178979	2.04409	-1.19267	-2.26376	
0.260688	0.263743	0.178822	2.04275	-1.193	-2.2627	
0.260644	0.263695	0.178665	2.04141	-1.19332	-2.26164	
0.260599	0.263647	0.178507	2.04006	-1.19365	-2.26058	
0.260555	0.2636	0.17835	2.03872	-1.19398	-2.25952	
0.26051	0.263552	0.178193	2.03737	-1.1943	-2.25846	
0.260466	0.263504	0.178036	2.03602	-1.19463	-2.25739	
0.260421	0.263456	0.177878	2.03467	-1.19495	-2.25633	
0.260376	0.263409	0.177721	2.03331	-1.19528	-2.25526	
0.260331	0.263361	0.177564	2.03196	-1.1956	-2.25418	
0.260286	0.263313	0.177407	2.0306	-1.19592	-2.25311	
0.260241	0.263265	0.17725	2.02924	-1.19624	-2.25203	
0.260195	0.263218	0.177093	2.02788	-1.19657	-2.25096	
0.26015	0.26317	0.176936	2.02651	-1.19689	-2.24988	
0.260104	0.263122	0.176778	2.02515	-1.19721	-2.24879	
0.260059	0.263074	0.176621	2.02378	-1.19753	-2.24771	
0.260013	0.263027	0.176464	2.02241	-1.19785	-2.24662	
0.259967	0.262979	0.176307	2.02104	-1.19817	-2.24554	
0.259922	0.262931	0.17615	2.01966	-1.19849	-2.24445	
0.259876	0.262884	0.175993	2.01829	-1.19881	-2.24335	
0.25983	0.262836	0.175836	2.01691	-1.19912	-2.24226	
0.259783	0.262788	0.175679	2.01553	-1.19944	-2.24116	
0.259737	0.26274	0.175522	2.01414	-1.19976	-2.24007	
0.259691	0.262693	0.175365	2.01276	-1.20007	-2.23897	
0.259644	0.262645	0.175208	2.01137	-1.20039	-2.23786	
0.259598	0.262597	0.175051	2.00998	-1.2007	-2.23676	
0.259551	0.26255	0.174894	2.00859	-1.20102	-2.23565	
0.259504	0.262502	0.174737	2.0072	-1.20133	-2.23454	
0.259457	0.262454	0.17458	2.00581	-1.20165	-2.23343	
0.25941	0.262407	0.174423	2.00441	-1.20196	-2.23232	
0.259363	0.262359	0.174266	2.00301	-1.20227	-2.23121	
0.259316	0.262311	0.17411	2.00161	-1.20258	-2.23009	
0.259269	0.262264	0.173953	2.00021	-1.20289	-2.22897	
0.259221	0.262216	0.173796	1.9988	-1.2032	-2.22785	
0.259174	0.262168	0.173639	1.9974	-1.20351	-2.22673	
0.259126	0.262121	0.173482	1.99599	-1.20382	-2.2256	
0.259079	0.262073	0.173325	1.99458	-1.20413	-2.22448	
0.259031	0.262025	0.173168	1.99316	-1.20444	-2.22335	
0.258983	0.261978	0.173012	1.99175	-1.20475	-2.22222	
0.258935	0.26193	0.172855	1.99033	-1.20505	-2.22108	
0.258887	0.261882	0.172698	1.98891	-1.20536	-2.21995	
0.258839	0.261835	0.172541	1.98749	-1.20567	-2.21881	
0.258791	0.261787	0.172385	1.98606	-1.20597	-2.21767	
0.258742	0.261739	0.172228	1.98464	-1.20628	-2.21653	
0.258694	0.261692	0.172071	1.98321	-1.20658	-2.21538	
0.258645	0.261644	0.171914	1.98178	-1.20688	-2.21424	
0.258596	0.261597	0.171758	1.98035	-1.20719	-2.21309	
0.258548	0.261549	0.171601	1.97892	-1.20749	-2.21194	
0.258499	0.261501	0.171444	1.97748	-1.20779	-2.21079	
0.25845	0.261454	0.171288	1.97604	-1.20809	-2.20964	
0.258401	0.261406	0.171131	1.9746	-1.20839	-2.20848	
0.258352	0.261359	0.170974	1.97316	-1.20869	-2.20732	
0.258302	0.261311	0.170818	1.97171	-1.20899	-2.20616	
0.258253	0.261263	0.170661	1.97027	-1.20929	-2.205	
0.258203	0.261216	0.170505	1.96882	-1.20959	-2.20383	
0.258154	0.261168	0.170348	1.96737	-1.20989	-2.20267	
0.258104	0.261121	0.170192	1.96592	-1.21018	-2.2015	
0.258054	0.261073	0.170035	1.96446	-1.21048	-2.20033	
0.258005	0.261025	0.169878	1.963	-1.21078	-2.19916	
0.257955	0.260978	0.169722	1.96155	-1.21107	-2.19798	
0.257905	0.26093	0.169565	1.96008	-1.21137	-2.1968	
0.257854	0.260883	0.169409	1.95862	-1.21166	-2.19563	
0.257804	0.260835	0.169253	1.95716	-1.21195	-2.19444	
0.257754	0.260788	0.169096	1.95569	-1.21225	-2.19326	
0.257703	0.26074	0.16894	1.95422	-1.21254	-2.19208	
0.257653	0.260692	0.168783	1.95275	-1.21283	-2.19089	
0.257602	0.260645	0.168627	1.95127	-1.21312	-2.1897	
0.257551	0.260597	0.16847	1.9498	-1.21341	-2.18851	
0.2575	0.26055	0.168314	1.94832	-1.2137	-2.18731	
0.257449	0.260502	0.168158	1.94684	-1.21399	-2.18612	
0.257398	0.260455	0.168001	1.94536	-1.21428	-2.18492	
0.257347	0.260407	0.167845	1.94387	-1.21457	-2.18372	
0.257296	0.26036	0.167689	1.94239	-1.21485	-2.18252	
0.257245	0.260312	0.167532	1.9409	-1.21514	-2.18132	
0.257193	0.260265	0.167376	1.93941	-1.21543	-2.18011	
0.257142	0.260217	0.16722	1.93792	-1.21571	-2.1789	
0.25709	0.26017	0.167064	1.93642	-1.216	-2.17769	
0.257038	0.260122	0.166907	1.93493	-1.21628	-2.17648	
0.256986	0.260075	0.166751	1.93343	-1.21656	-2.17526	
0.256934	0.260027	0.166595	1.93193	-1.21685	-2.17405	
0.256882	0.25998	0.166439	1.93042	-1.21713	-2.17283	
0.25683	0.259932	0.166283	1.92892	-1.21741	-2.17161	
0.256778	0.259885	0.166126	1.92741	-1.21769	-2.17038	
0.256725	0.259837	0.16597	1.9259	-1.21797	-2.16916	
0.256673	0.25979	0.165814	1.92439	-1.21825	-2.16793	
0.25662	0.259742	0.165658	1.92288	-1.21853	-2.1667	
0.256568	0.259695	0.165502	1.92136	-1.21881	-2.16547	
0.256515	0.259647	0.165346	1.91984	-1.21909	-2.16424	
0.256462	0.2596	0.16519	1.91832	-1.21936	-2.163	
0.256409	0.259552	0.165034	1.9168	-1.21964	-2.16177	
0.256356	0.259505	0.164878	1.91528	-1.21992	-2.16053	
0.256303	0.259457	0.164722	1.91375	-1.22019	-2.15928	
0.25625	0.25941	0.164566	1.91222	-1.22047	-2.15804	
0.256196	0.259362	0.16441	1.91069	-1.22074	-2.15679	
0.256143	0.259315	0.164254	1.90916	-1.22101	-2.15555	
0.256089	0.259268	0.164098	1.90763	-1.22129	-2.1543	
0.256036	0.25922	0.163942	1.90609	-1.22156	-2.15304	
0.255982	0.259173	0.163786	1.90455	-1.22183	-2.15179	
0.255928	0.259125	0.16363	1.90301	-1.2221	-2.15053	
0.255874	0.259078	0.163474	1.90147	-1.22237	-2.14927	
0.25582	0.25903	0.163319	1.89992	-1.22264	-2.14801	
0.255766	0.258983	0.163163	1.89838	-1.22291	-2.14675	
0.255712	0.258936	0.163007	1.89683	-1.22317	-2.14549	
0.255657	0.258888	0.162851	1.89528	-1.22344	-2.14422	
0.255603	0.258841	0.162695	1.89372	-1.22371	-2.14295	
0.255548	0.258793	0.16254	1.89217	-1.22397	-2.14168	
0.255494	0.258746	0.162384	1.89061	-1.22424	-2.14041	
0.255439	0.258699	0.162228	1.88905	-1.2245	-2.13913	
0.255384	0.258651	0.162072	1.88749	-1.22477	-2.13785	
0.255329	0.258604	0.161917	1.88592	-1.22503	-2.13657	
0.255274	0.258556	0.161761	1.88436	-1.22529	-2.13529	
0.255219	0.258509	0.161605	1.88279	-1.22556	-2.13401	
0.255164	0.258462	0.16145	1.88122	-1.22582	-2.13272	
0.255108	0.258414	0.161294	1.87965	-1.22608	-2.13143	
0.255053	0.258367	0.161138	1.87807	-1.22634	-2.13015	
0.254997	0.25832	0.160983	1.8765	-1.2266	-2.12885	
0.254942	0.258272	0.160827	1.87492	-1.22685	-2.12756	
0.254886	0.258225	0.160672	1.87334	-1.22711	-2.12626	
0.25483	0.258178	0.160516	1.87176	-1.22737	-2.12496	
0.254774	0.25813	0.160361	1.87017	-1.22763	-2.12366	
0.254718	0.258083	0.160205	1.86858	-1.22788	-2.12236	
0.254662	0.258036	0.16005	1.867	-1.22814	-2.12106	
0.254606	0.257988	0.159894	1.86541	-1.22839	-2.11975	
0.254549	0.257941	0.159739	1.86381	-1.22864	-2.11844	
0.254493	0.257894	0.159583	1.86222	-1.2289	-2.11713	
0.254436	0.257846	0.159428	1.86062	-1.22915	-2.11582	
0.25438	0.257799	0.159273	1.85902	-1.2294	-2.1145	
0.254323	0.257752	0.159117	1.85742	-1.22965	-2.11319	
0.254266	0.257704	0.158962	1.85582	-1.2299	-2.11187	
0.254209	0.257657	0.158807	1.85421	-1.23015	-2.11055	
0.254152	0.25761	0.158651	1.8526	-1.2304	-2.10922	
0.254095	0.257563	0.158496	1.85099	-1.23065	-2.1079	
0.254038	0.257515	0.158341	1.84938	-1.23089	-2.10657	
0.25398	0.257468	0.158185	1.84777	-1.23114	-2.10524	
0.253923	0.257421	0.15803	1.84615	-1.23139	-2.10391	
0.253865	0.257373	0.157875	1.84453	-1.23163	-2.10258	
0.253808	0.257326	0.15772	1.84292	-1.23188	-2.10124	
0.25375	0.257279	0.157565	1.84129	-1.23212	-2.09991	
0.253692	0.257232	0.15741	1.83967	-1.23236	-2.09857	
0.253634	0.257184	0.157254	1.83804	-1.2326	-2.09723	
0.253576	0.257137	0.157099	1.83642	-1.23285	-2.09588	
0.253518	0.25709	0.156944	1.83479	-1.23309	-2.09454	
0.25346	0.257043	0.156789	1.83315	-1.23333	-2.09319	
0.253402	0.256995	0.156634	1.83152	-1.23357	-2.09184	
0.253343	0.256948	0.156479	1.82988	-1.2338	-2.09049	
0.253285	0.256901	0.156324	1.82824	-1.23404	-2.08913	
0.253226	0.256854	0.156169	1.8266	-1.23428	-2.08778	
0.253167	0.256807	0.156014	1.82496	-1.23452	-2.08642	
0.253109	0.256759	0.155859	1.82332	-1.23475	-2.08506	
0.25305	0.256712	0.155704	1.82167	-1.23499	-2.0837	
0.252991	0.256665	0.155549	1.82002	-1.23522	-2.08233	
0.252931	0.256618	0.155394	1.81837	-1.23545	-2.08097	
0.252872	0.256571	0.15524	1.81672	-1.23569	-2.0796	
0.252813	0.256523	0.155085	1.81506	-1.23592	-2.07823	
0.252754	0.256476	0.15493	1.81341	-1.23615	-2.07686	
0.252694	0.256429	0.154775	1.81175	-1.23638	-2.07548	
0.252634	0.256382	0.15462	1.81009	-1.23661	-2.07411	
0.252575	0.256335	0.154465	1.80843	-1.23684	-2.07273	
0.252515	0.256288	0.154311	1.80676	-1.23707	-2.07135	
0.252455	0.25624	0.154156	1.8051	-1.23729	-2.06997	
0.252395	0.256193	0.154001	1.80343	-1.23752	-2.06859	
0.252335	0.256146	0.153847	1.80176	-1.23775	-2.0672	
0.252275	0.256099	0.153692	1.80008	-1.23797	-2.06581	
0.252214	0.256052	0.153537	1.79841	-1.2382	-2.06442	
0.252154	0.256005	0.153383	1.79673	-1.23842	-2.06303	
0.252093	0.255958	0.153228	1.79505	-1.23864	-2.06164	
0.252033	0.25591	0.153074	1.79337	-1.23887	-2.06024	
0.251972	0.255863	0.152919	1.79169	-1.23909	-2.05884	
0.251911	0.255816	0.152764	1.79001	-1.23931	-2.05744	
0.25185	0.255769	0.15261	1.78832	-1.23953	-2.05604	
0.251789	0.255722	0.152455	1.78663	-1.23975	-2.05464	
0.251728	0.255675	0.152301	1.78494	-1.23997	-2.05323	
0.251667	0.255628	0.152147	1.78325	-1.24018	-2.05182	
0.251606	0.255581	0.151992	1.78155	-1.2404	-2.05041	
0.251544	0.255534	0.151838	1.77986	-1.24062	-2.049	
0.251483	0.255487	0.151683	1.77816	-1.24083	-2.04759	
0.251421	0.255439	0.151529	1.77646	-1.24105	-2.04617	
0.25136	0.255392	0.151375	1.77476	-1.24126	-2.04476	
0.251298	0.255345	0.15122	1.77305	-1.24147	-2.04334	
0.251236	0.255298	0.151066	1.77135	-1.24168	-2.04191	
0.251174	0.255251	0.150912	1.76964	-1.2419	-2.04049	
0.251112	0.255204	0.150758	1.76793	-1.24211	-2.03907	
0.25105	0.255157	0.150603	1.76622	-1.24232	-2.03764	
0.250987	0.25511	0.150449	1.7645	-1.24252	-2.03621	
0.250925	0.255063	0.150295	1.76279	-1.24273	-2.03478	
0.250862	0.255016	0.150141	1.76107	-1.24294	-2.03335	
0.2508	0.254969	0.149987	1.75935	-1.24315	-2.03191	
0.250737	0.254922	0.149833	1.75763	-1.24335	-2.03048	
0.250674	0.254875	0.149678	1.75591	-1.24356	-2.02904	
0.250612	0.254828	0.149524	1.75418	-1.24376	-2.0276	
0.250549	0.254781	0.14937	1.75245	-1.24396	-2.02615	
0.250485	0.254734	0.149216	1.75072	-1.24417	-2.02471	
0.250422	0.254687	0.149062	1.74899	-1.24437	-2.02326	
0.250359	0.25464	0.148908	1.74726	-1.24457	-2.02182	
0.250296	0.254593	0.148754	1.74552	-1.24477	-2.02037	
0.250232	0.254546	0.1486	1.74379	-1.24497	-2.01891	
0.250169	0.254499	0.148447	1.74205	-1.24517	-2.01746	
0.250105	0.254452	0.148293	1.74031	-1.24537	-2.01601	
0.250041	0.254405	0.148139	1.73857	-1.24556	-2.01455	
0.249977	0.254358	0.147985	1.73682	-1.24576	-2.01309	
0.249913	0.254311	0.147831	1.73508	-1.24596	-2.01163	
0.249849	0.254264	0.147677	1.73333	-1.24615	-2.01017	
0.249785	0.254217	0.147524	1.73158	-1.24634	-2.0087	
0.249721	0.25417	0.14737	1.72983	-1.24654	-2.00723	
0.249656	0.254123	0.147216	1.72807	-1.24673	-2.00577	
0.249592	0.254076	0.147062	1.72632	-1.24692	-2.0043	
0.249527	0.25403	0.146909	1.72456	-1.24711	-2.00282	
0.249463	0.253983	0.146755	1.7228	-1.2473	-2.00135	
0.249398	0.253936	0.146602	1.72104	-1.24749	-1.99987	
0.249333	0.253889	0.146448	1.71928	-1.24768	-1.9984	
0.249268	0.253842	0.146294	1.71752	-1.24786	-1.99692	
0.249203	0.253795	0.146141	1.71575	-1.24805	-1.99544	
0.249138	0.253748	0.145987	1.71398	-1.24824	-1.99395	
0.249073	0.253701	0.145834	1.71221	-1.24842	-1.99247	
0.249007	0.253654	0.14568	1.71044	-1.2486	-1.99098	
0.248942	0.253607	0.145527	1.70867	-1.24879	-1.98949	
0.248876	0.253561	0.145373	1.70689	-1.24897	-1.988	
0.248811	0.253514	0.14522	1.70512	-1.24915	-1.98651	
0.248745	0.253467	0.145067	1.70334	-1.24933	-1.98502	
0.248679	0.25342	0.144913	1.70156	-1.24951	-1.98352	
0.248613	0.253373	0.14476	1.69977	-1.24969	-1.98203	
0.248547	0.253326	0.144607	1.69799	-1.24987	-1.98053	
0.248481	0.25328	0.144453	1.69621	-1.25005	-1.97903	
0.248415	0.253233	0.1443	1.69442	-1.25022	-1.97753	
0.248349	0.253186	0.144147	1.69263	-1.2504	-1.97602	
0.248282	0.253139	0.143994	1.69084	-1.25057	-1.97452	
0.248216	0.253092	0.14384	1.68905	-1.25075	-1.97301	
0.248149	0.253045	0.143687	1.68725	-1.25092	-1.9715	
0.248082	0.252999	0.143534	1.68546	-1.25109	-1.96999	
0.248015	0.252952	0.143381	1.68366	-1.25126	-1.96848	
0.247948	0.252905	0.143228	1.68186	-1.25143	-1.96696	
0.247881	0.252858	0.143075	1.68006	-1.2516	-1.96545	
0.247814	0.252811	0.142922	1.67825	-1.25177	-1.96393	
0.247747	0.252765	0.142769	1.67645	-1.25194	-1.96241	
0.24768	0.252718	0.142616	1.67464	-1.25211	-1.96089	
0.247612	0.252671	0.142463	1.67284	-1.25227	-1.95937	
0.247545	0.252624	0.14231	1.67103	-1.25244	-1.95784	
0.247477	0.252578	0.142157	1.66922	-1.2526	-1.95632	
0.24741	0.252531	0.142004	1.6674	-1.25277	-1.95479	
0.247342	0.252484	0.141851	1.66559	-1.25293	-1.95326	
0.247274	0.252437	0.141699	1.66377	-1.25309	-1.95173	
0.247206	0.252391	0.141546	1.66195	-1.25325	-1.9502	
0.247138	0.252344	0.141393	1.66014	-1.25341	-1.94867	
0.24707	0.252297	0.14124	1.65831	-1.25357	-1.94713	
0.247001	0.252251	0.141088	1.65649	-1.25373	-1.94559	
0.246933	0.252204	0.140935	1.65467	-1.25389	-1.94406	
0.246864	0.252157	0.140782	1.65284	-1.25404	-1.94252	
0.246796	0.25211	0.14063	1.65102	-1.2542	-1.94097	
0.246727	0.252064	0.140477	1.64919	-1.25435	-1.93943	
0.246658	0.252017	0.140324	1.64736	-1.25451	-1.93789	
0.246589	0.25197	0.140172	1.64552	-1.25466	-1.93634	
0.24652	0.251924	0.140019	1.64369	-1.25481	-1.93479	
0.246451	0.251877	0.139867	1.64186	-1.25496	-1.93324	
0.246382	0.25183	0.139714	1.64002	-1.25511	-1.93169	
0.246313	0.251784	0.139562	1.63818	-1.25526	-1.93014	
0.246244	0.251737	0.13941	1.63634	-1.25541	-1.92858	
0.246174	0.25169	0.139257	1.6345	-1.25556	-1.92703	
0.246104	0.251644	0.139105	1.63266	-1.25571	-1.92547	
0.246035	0.251597	0.138952	1.63081	-1.25585	-1.92391	
0.245965	0.251551	0.1388	1.62897	-1.256	-1.92235	
0.245895	0.251504	0.138648	1.62712	-1.25614	-1.92079	
0.245825	0.251457	0.138496	1.62527	-1.25629	-1.91923	
0.245755	0.251411	0.138343	1.62342	-1.25643	-1.91766	
0.245685	0.251364	0.138191	1.62157	-1.25657	-1.9161	
0.245615	0.251318	0.138039	1.61972	-1.25671	-1.91453	
0.245544	0.251271	0.137887	1.61786	-1.25685	-1.91296	
0.245474	0.251224	0.137735	1.616	-1.25699	-1.91139	
0.245403	0.251178	0.137583	1.61415	-1.25713	-1.90982	
0.245333	0.251131	0.13743	1.61229	-1.25727	-1.90825	
0.245262	0.251085	0.137278	1.61043	-1.2574	-1.90667	
0.245191	0.251038	0.137126	1.60857	-1.25754	-1.9051	
0.24512	0.250992	0.136974	1.6067	-1.25767	-1.90352	
0.245049	0.250945	0.136822	1.60484	-1.25781	-1.90194	
0.244978	0.250898	0.136671	1.60297	-1.25794	-1.90036	
0.244907	0.250852	0.136519	1.60111	-1.25807	-1.89878	
0.244835	0.250805	0.136367	1.59924	-1.2582	-1.8972	
0.244764	0.250759	0.136215	1.59737	-1.25833	-1.89561	
0.244692	0.250712	0.136063	1.59549	-1.25846	-1.89403	
0.244621	0.250666	0.135911	1.59362	-1.25859	-1.89244	
0.244549	0.250619	0.13576	1.59175	-1.25872	-1.89085	
0.244477	0.250573	0.135608	1.58987	-1.25884	-1.88926	
0.244405	0.250526	0.135456	1.588	-1.25897	-1.88767	
0.244333	0.25048	0.135304	1.58612	-1.25909	-1.88608	
0.244261	0.250433	0.135153	1.58424	-1.25922	-1.88448	
0.244189	0.250387	0.135001	1.58236	-1.25934	-1.88289	
0.244117	0.25034	0.13485	1.58047	-1.25946	-1.88129	
0.244044	0.250294	0.134698	1.57859	-1.25958	-1.8797	
0.243972	0.250248	0.134547	1.57671	-1.2597	-1.8781	
0.243899	0.250201	0.134395	1.57482	-1.25982	-1.8765	
0.243826	0.250155	0.134244	1.57293	-1.25994	-1.8749	
0.243754	0.250108	0.134092	1.57105	-1.26005	-1.87329	
0.243681	0.250062	0.133941	1.56916	-1.26017	-1.87169	
0.243608	0.250015	0.133789	1.56726	-1.26029	-1.87009	
0.243535	0.249969	0.133638	1.56537	-1.2604	-1.86848	
0.243462	0.249923	0.133487	1.56348	-1.26051	-1.86687	
0.243388	0.249876	0.133335	1.56158	-1.26063	-1.86527	
0.243315	0.24983	0.133184	1.55969	-1.26074	-1.86366	
0.243241	0.249783	0.133033	1.55779	-1.26085	-1.86205	
0.243168	0.249737	0.132882	1.55589	-1.26096	-1.86043	
0.243094	0.249691	0.13273	1.55399	-1.26107	-1.85882	
0.24302	0.249644	0.132579	1.55209	-1.26118	-1.85721	
0.242946	0.249598	0.132428	1.55019	-1.26128	-1.85559	
0.242872	0.249552	0.132277	1.54829	-1.26139	-1.85397	
0.242798	0.249505	0.132126	1.54639	-1.26149	-1.85236	
0.242724	0.249459	0.131975	1.54448	-1.2616	-1.85074	
0.24265	0.249412	0.131824	1.54257	-1.2617	-1.84912	
0.242576	0.249366	0.131673	1.54067	-1.2618	-1.8475	
0.242501	0.24932	0.131522	1.53876	-1.26191	-1.84588	
0.242427	0.249274	0.131371	1.53685	-1.26201	-1.84425	
0.242352	0.249227	0.13122	1.53494	-1.26211	-1.84263	
0.242277	0.249181	0.131069	1.53303	-1.2622	-1.841	
0.242202	0.249135	0.130919	1.53112	-1.2623	-1.83938	
0.242127	0.249088	0.130768	1.5292	-1.2624	-1.83775	
0.242052	0.249042	0.130617	1.52729	-1.26249	-1.83612	
0.241977	0.248996	0.130466	1.52537	-1.26259	-1.83449	
0.241902	0.248949	0.130316	1.52345	-1.26268	-1.83286	
0.241827	0.248903	0.130165	1.52154	-1.26278	-1.83123	
0.241751	0.248857	0.130014	1.51962	-1.26287	-1.8296	
0.241676	0.248811	0.129864	1.5177	-1.26296	-1.82797	
0.2416	0.248764	0.129713	1.51578	-1.26305	-1.82633	
0.241524	0.248718	0.129563	1.51386	-1.26314	-1.8247	
0.241449	0.248672	0.129412	1.51193	-1.26323	-1.82306	
0.241373	0.248626	0.129262	1.51001	-1.26331	-1.82142	
0.241297	0.248579	0.129111	1.50809	-1.2634	-1.81979	
0.241221	0.248533	0.128961	1.50616	-1.26349	-1.81815	
0.241144	0.248487	0.12881	1.50423	-1.26357	-1.81651	
0.241068	0.248441	0.12866	1.50231	-1.26365	-1.81487	
0.240992	0.248395	0.12851	1.50038	-1.26374	-1.81323	
0.240915	0.248348	0.128359	1.49845	-1.26382	-1.81158	
0.240839	0.248302	0.128209	1.49652	-1.2639	-1.80994	
0.240762	0.248256	0.128059	1.49459	-1.26398	-1.8083	
0.240685	0.24821	0.127909	1.49266	-1.26406	-1.80665	
0.240608	0.248164	0.127759	1.49072	-1.26413	-1.80501	
0.240531	0.248118	0.127608	1.48879	-1.26421	-1.80336	
0.240454	0.248071	0.127458	1.48686	-1.26429	-1.80171	
0.240377	0.248025	0.127308	1.48492	-1.26436	-1.80007	
0.2403	0.247979	0.127158	1.48299	-1.26444	-1.79842	
0.240222	0.247933	0.127008	1.48105	-1.26451	-1.79677	
0.240145	0.247887	0.126858	1.47911	-1.26458	-1.79512	
0.240067	0.247841	0.126708	1.47717	-1.26465	-1.79347	
0.23999	0.247795	0.126558	1.47524	-1.26472	-1.79181	
0.239912	0.247749	0.126409	1.4733	-1.26479	-1.79016	
0.239834	0.247703	0.126259	1.47136	-1.26486	-1.78851	
0.239756	0.247656	0.126109	1.46941	-1.26493	-1.78685	
0.239678	0.24761	0.125959	1.46747	-1.26499	-1.7852	
0.2396	0.247564	0.125809	1.46553	-1.26506	-1.78354	
0.239522	0.247518	0.12566	1.46359	-1.26512	-1.78189	
0.239443	0.247472	0.12551	1.46164	-1.26519	-1.78023	
0.239365	0.247426	0.12536	1.4597	-1.26525	-1.77857	
0.239286	0.24738	0.125211	1.45775	-1.26531	-1.77691	
0.239208	0.247334	0.125061	1.45581	-1.26537	-1.77526	
0.239129	0.247288	0.124912	1.45386	-1.26543	-1.7736	
0.23905	0.247242	0.124762	1.45191	-1.26549	-1.77194	
0.238971	0.247196	0.124613	1.44997	-1.26555	-1.77028	
0.238892	0.24715	0.124463	1.44802	-1.2656	-1.76862	
0.238813	0.247104	0.124314	1.44607	-1.26566	-1.76695	
0.238734	0.247058	0.124164	1.44412	-1.26572	-1.76529	
0.238655	0.247012	0.124015	1.44217	-1.26577	-1.76363	
0.238575	0.246966	0.123866	1.44022	-1.26582	-1.76196	
0.238496	0.24692	0.123716	1.43827	-1.26587	-1.7603	
0.238416	0.246874	0.123567	1.43631	-1.26593	-1.75864	
0.238337	0.246828	0.123418	1.43436	-1.26598	-1.75697	
0.238257	0.246782	0.123269	1.43241	-1.26602	-1.75531	
0.238177	0.246736	0.123119	1.43046	-1.26607	-1.75364	
0.238097	0.24669	0.12297	1.4285	-1.26612	-1.75197	
0.238017	0.246644	0.122821	1.42655	-1.26617	-1.75031	
0.237937	0.246598	0.122672	1.42459	-1.26621	-1.74864	
0.237856	0.246552	0.122523	1.42264	-1.26625	-1.74697	
0.237776	0.246507	0.122374	1.42068	-1.2663	-1.7453	
0.237696	0.246461	0.122225	1.41872	-1.26634	-1.74363	
0.237615	0.246415	0.122076	1.41677	-1.26638	-1.74197	
0.237534	0.246369	0.121927	1.41481	-1.26642	-1.7403	
0.237454	0.246323	0.121779	1.41285	-1.26646	-1.73863	
0.237373	0.246277	0.12163	1.4109	-1.2665	-1.73696	
0.237292	0.246231	0.121481	1.40894	-1.26654	-1.73528	
0.237211	0.246185	0.121332	1.40698	-1.26657	-1.73361	
0.23713	0.24614	0.121184	1.40502	-1.26661	-1.73194	
0.237048	0.246094	0.121035	1.40306	-1.26664	-1.73027	
0.236967	0.246048	0.120886	1.4011	-1.26668	-1.7286	
0.236886	0.246002	0.120738	1.39914	-1.26671	-1.72693	
0.236804	0.245956	0.120589	1.39718	-1.26674	-1.72525	
0.236723	0.24591	0.12044	1.39522	-1.26677	-1.72358	
0.236641	0.245865	0.120292	1.39326	-1.2668	-1.72191	
0.236559	0.245819	0.120144	1.3913	-1.26683	-1.72023	
0.236477	0.245773	0.119995	1.38933	-1.26686	-1.71856	
0.236395	0.245727	0.119847	1.38737	-1.26688	-1.71689	
0.236313	0.245681	0.119698	1.38541	-1.26691	-1.71521	
0.236231	0.245636	0.11955	1.38345	-1.26693	-1.71354	
0.236149	0.24559	0.119402	1.38149	-1.26696	-1.71186	
0.236066	0.245544	0.119253	1.37952	-1.26698	-1.71019	
0.235984	0.245498	0.119105	1.37756	-1.267	-1.70851	
0.235901	0.245453	0.118957	1.3756	-1.26702	-1.70684	
0.235819	0.245407	0.118809	1.37363	-1.26704	-1.70516	
0.235736	0.245361	0.118661	1.37167	-1.26706	-1.70349	
0.235653	0.245315	0.118513	1.36971	-1.26708	-1.70181	
0.23557	0.24527	0.118365	1.36774	-1.2671	-1.70014	
0.235487	0.245224	0.118217	1.36578	-1.26711	-1.69846	
0.235404	0.245178	0.118069	1.36381	-1.26713	-1.69678	
0.235321	0.245133	0.117921	1.36185	-1.26714	-1.69511	
0.235237	0.245087	0.117773	1.35989	-1.26715	-1.69343	
0.235154	0.245041	0.117625	1.35792	-1.26717	-1.69176	
0.23507	0.244996	0.117477	1.35596	-1.26718	-1.69008	
0.234987	0.24495	0.117329	1.35399	-1.26719	-1.6884	
0.234903	0.244904	0.117181	1.35203	-1.2672	-1.68673	
0.234819	0.244859	0.117034	1.35006	-1.26721	-1.68505	
0.234735	0.244813	0.116886	1.3481	-1.26721	-1.68338	
0.234651	0.244767	0.116738	1.34613	-1.26722	-1.6817	
0.234567	0.244722	0.116591	1.34417	-1.26722	-1.68002	
0.234483	0.244676	0.116443	1.3422	-1.26723	-1.67835	
0.234399	0.24463	0.116296	1.34024	-1.26723	-1.67667	
0.234314	0.244585	0.116148	1.33828	-1.26723	-1.67499	
0.23423	0.244539	0.116001	1.33631	-1.26724	-1.67332	
0.234145	0.244494	0.115853	1.33435	-1.26724	-1.67164	
0.23406	0.244448	0.115706	1.33238	-1.26723	-1.66997	
0.233976	0.244403	0.115558	1.33042	-1.26723	-1.66829	
0.233891	0.244357	0.115411	1.32845	-1.26723	-1.66661	
0.233806	0.244311	0.115264	1.32649	-1.26723	-1.66494	
0.233721	0.244266	0.115117	1.32452	-1.26722	-1.66326	
0.233636	0.24422	0.114969	1.32256	-1.26722	-1.66159	
0.23355	0.244175	0.114822	1.3206	-1.26721	-1.65991	
0.233465	0.244129	0.114675	1.31863	-1.2672	-1.65824	
0.23338	0.244084	0.114528	1.31667	-1.2672	-1.65656	
0.233294	0.244038	0.114381	1.31471	-1.26719	-1.65489	
0.233208	0.243993	0.114234	1.31274	-1.26718	-1.65321	
0.233123	0.243947	0.114087	1.31078	-1.26716	-1.65154	
0.233037	0.243902	0.11394	1.30882	-1.26715	-1.64986	
0.232951	0.243856	0.113793	1.30685	-1.26714	-1.64819	
0.232865	0.243811	0.113646	1.30489	-1.26712	-1.64652	
0.232779	0.243765	0.113499	1.30293	-1.26711	-1.64484	
0.232693	0.24372	0.113352	1.30097	-1.26709	-1.64317	
0.232606	0.243674	0.113206	1.29901	-1.26708	-1.6415	
0.23252	0.243629	0.113059	1.29704	-1.26706	-1.63982	
0.232433	0.243584	0.112912	1.29508	-1.26704	-1.63815	
0.232347	0.243538	0.112766	1.29312	-1.26702	-1.63648	
0.23226	0.243493	0.112619	1.29116	-1.267	-1.63481	
0.232173	0.243447	0.112472	1.2892	-1.26698	-1.63314	
0.232087	0.243402	0.112326	1.28724	-1.26695	-1.63147	
0.232	0.243357	0.112179	1.28528	-1.26693	-1.6298	
0.231913	0.243311	0.112033	1.28332	-1.2669	-1.62813	
0.231825	0.243266	0.111886	1.28136	-1.26688	-1.62646	
0.231738	0.24322	0.11174	1.2794	-1.26685	-1.62479	
0.231651	0.243175	0.111594	1.27745	-1.26682	-1.62312	
0.231563	0.24313	0.111447	1.27549	-1.2668	-1.62145	
0.231476	0.243084	0.111301	1.27353	-1.26677	-1.61978	
0.231388	0.243039	0.111155	1.27157	-1.26673	-1.61811	
0.2313	0.242994	0.111009	1.26962	-1.2667	-1.61645	
0.231213	0.242948	0.110863	1.26766	-1.26667	-1.61478	
0.231125	0.242903	0.110716	1.26571	-1.26664	-1.61311	
0.231037	0.242858	0.11057	1.26375	-1.2666	-1.61145	
0.230949	0.242812	0.110424	1.2618	-1.26657	-1.60978	
0.23086	0.242767	0.110278	1.25984	-1.26653	-1.60812	
0.230772	0.242722	0.110132	1.25789	-1.26649	-1.60645	
0.230684	0.242677	0.109986	1.25594	-1.26645	-1.60479	
0.230595	0.242631	0.10984	1.25398	-1.26642	-1.60313	
0.230507	0.242586	0.109695	1.25203	-1.26638	-1.60146	
0.230418	0.242541	0.109549	1.25008	-1.26633	-1.5998	
0.230329	0.242496	0.109403	1.24813	-1.26629	-1.59814	
0.23024	0.24245	0.109257	1.24618	-1.26625	-1.59648	
0.230151	0.242405	0.109112	1.24423	-1.2662	-1.59482	
0.230062	0.24236	0.108966	1.24228	-1.26616	-1.59316	
0.229973	0.242315	0.10882	1.24033	-1.26611	-1.5915	
0.229884	0.24227	0.108675	1.23838	-1.26607	-1.58984	
0.229795	0.242224	0.108529	1.23643	-1.26602	-1.58818	
0.229705	0.242179	0.108384	1.23449	-1.26597	-1.58653	
0.229616	0.242134	0.108238	1.23254	-1.26592	-1.58487	
0.229526	0.242089	0.108093	1.23059	-1.26587	-1.58321	
0.229436	0.242044	0.107947	1.22865	-1.26582	-1.58156	
0.229347	0.241999	0.107802	1.2267	-1.26576	-1.5799	
0.229257	0.241953	0.107657	1.22476	-1.26571	-1.57825	
0.229167	0.241908	0.107512	1.22282	-1.26566	-1.5766	
0.229077	0.241863	0.107366	1.22088	-1.2656	-1.57494	
0.228987	0.241818	0.107221	1.21893	-1.26554	-1.57329	
0.228896	0.241773	0.107076	1.21699	-1.26549	-1.57164	
0.228806	0.241728	0.106931	1.21505	-1.26543	-1.56999	
0.228715	0.241683	0.106786	1.21311	-1.26537	-1.56834	
0.228625	0.241638	0.106641	1.21118	-1.26531	-1.56669	
0.228534	0.241593	0.106496	1.20924	-1.26525	-1.56505	
0.228443	0.241547	0.106351	1.2073	-1.26518	-1.5634	
0.228353	0.241502	0.106206	1.20536	-1.26512	-1.56175	
0.228262	0.241457	0.106061	1.20343	-1.26506	-1.56011	
0.228171	0.241412	0.105916	1.20149	-1.26499	-1.55846	
0.22808	0.241367	0.105772	1.19956	-1.26493	-1.55682	
0.227988	0.241322	0.105627	1.19763	-1.26486	-1.55518	
0.227897	0.241277	0.105482	1.19569	-1.26479	-1.55353	
0.227806	0.241232	0.105338	1.19376	-1.26472	-1.55189	
0.227714	0.241187	0.105193	1.19183	-1.26465	-1.55025	
0.227623	0.241142	0.105048	1.1899	-1.26458	-1.54861	
0.227531	0.241097	0.104904	1.18797	-1.26451	-1.54698	
0.227439	0.241052	0.104759	1.18605	-1.26444	-1.54534	
0.227347	0.241007	0.104615	1.18412	-1.26436	-1.5437	
0.227255	0.240962	0.104471	1.18219	-1.26429	-1.54207	
0.227163	0.240917	0.104326	1.18027	-1.26421	-1.54043	
0.227071	0.240873	0.104182	1.17834	-1.26414	-1.5388	
0.226979	0.240828	0.104038	1.17642	-1.26406	-1.53716	
0.226886	0.240783	0.103893	1.1745	-1.26398	-1.53553	
0.226794	0.240738	0.103749	1.17258	-1.2639	-1.5339	
0.226701	0.240693	0.103605	1.17066	-1.26382	-1.53227	
0.226609	0.240648	0.103461	1.16874	-1.26374	-1.53064	
0.226516	0.240603	0.103317	1.16682	-1.26366	-1.52902	
0.226423	0.240558	0.103173	1.1649	-1.26358	-1.52739	
0.22633	0.240513	0.103029	1.16298	-1.26349	-1.52576	
0.226237	0.240468	0.102885	1.16107	-1.26341	-1.52414	
0.226144	0.240424	0.102741	1.15916	-1.26332	-1.52252	
0.226051	0.240379	0.102597	1.15724	-1.26324	-1.52089	
0.225958	0.240334	0.102453	1.15533	-1.26315	-1.51927	
0.225864	0.240289	0.102309	1.15342	-1.26306	-1.51765	
0.225771	0.240244	0.102166	1.15151	-1.26297	-1.51603	
0.225677	0.240199	0.102022	1.1496	-1.26288	-1.51441	
0.225584	0.240155	0.101878	1.14769	-1.26279	-1.5128	
0.22549	0.24011	0.101735	1.14578	-1.2627	-1.51118	
0.225396	0.240065	0.101591	1.14388	-1.26261	-1.50957	
0.225302	0.24002	0.101448	1.14197	-1.26251	-1.50795	
0.225208	0.239976	0.101304	1.14007	-1.26242	-1.50634	
0.225114	0.239931	0.101161	1.13817	-1.26232	-1.50473	
0.22502	0.239886	0.101017	1.13627	-1.26222	-1.50312	
0.224926	0.239841	0.100874	1.13437	-1.26213	-1.50151	
0.224831	0.239797	0.100731	1.13247	-1.26203	-1.4999	
0.224737	0.239752	0.100587	1.13057	-1.26193	-1.49829	
0.224642	0.239707	0.100444	1.12867	-1.26183	-1.49669	
0.224547	0.239662	0.100301	1.12678	-1.26173	-1.49508	
0.224453	0.239618	0.100158	1.12488	-1.26163	-1.49348	
0.224358	0.239573	0.100015	1.12299	-1.26152	-1.49188	
0.224263	0.239528	0.0998717	1.1211	-1.26142	-1.49028	
0.224168	0.239484	0.0997287	1.11921	-1.26131	-1.48868	
0.224073	0.239439	0.0995857	1.11732	-1.26121	-1.48708	
0.223977	0.239394	0.0994428	1.11543	-1.2611	-1.48549	
0.223882	0.23935	0.0992999	1.11354	-1.26099	-1.48389	
0.223787	0.239305	0.099157	1.11166	-1.26088	-1.4823	
0.223691	0.23926	0.0990142	1.10977	-1.26078	-1.4807	
0.223596	0.239216	0.0988715	1.10789	-1.26067	-1.47911	
0.2235	0.239171	0.0987288	1.10601	-1.26055	-1.47752	
0.223404	0.239127	0.0985861	1.10413	-1.26044	-1.47593	
0.223308	0.239082	0.0984435	1.10225	-1.26033	-1.47434	
0.223212	0.239037	0.0983009	1.10037	-1.26022	-1.47276	
0.223116	0.238993	0.0981584	1.09849	-1.2601	-1.47117	
0.22302	0.238948	0.0980159	1.09662	-1.25998	-1.46959	
0.222924	0.238904	0.0978734	1.09474	-1.25987	-1.46801	
0.222827	0.238859	0.097731	1.09287	-1.25975	-1.46643	
0.222731	0.238815	0.0975887	1.091	-1.25963	-1.46485	
0.222634	0.23877	0.0974464	1.08913	-1.25951	-1.46327	
0.222538	0.238726	0.0973041	1.08726	-1.25939	-1.46169	
0.222441	0.238681	0.0971619	1.08539	-1.25927	-1.46012	
0.222344	0.238637	0.0970197	1.08353	-1.25915	-1.45854	
0.222247	0.238592	0.0968776	1.08166	-1.25903	-1.45697	
0.22215	0.238548	0.0967355	1.0798	-1.2589	-1.4554	
0.222053	0.238503	0.0965934	1.07794	-1.25878	-1.45383	
0.221956	0.238459	0.0964514	1.07608	-1.25865	-1.45226	
0.221859	0.238414	0.0963094	1.07422	-1.25853	-1.4507	
0.221761	0.23837	0.0961675	1.07236	-1.2584	-1.44913	
0.221664	0.238325	0.0960257	1.07051	-1.25827	-1.44757	
0.221566	0.238281	0.0958838	1.06865	-1.25814	-1.446	
0.221469	0.238237	0.095742	1.0668	-1.25801	-1.44444	
0.221371	0.238192	0.0956003	1.06495	-1.25788	-1.44288	
0.221273	0.238148	0.0954586	1.0631	-1.25775	-1.44133	
0.221175	0.238103	0.095317	1.06125	-1.25762	-1.43977	
0.221077	0.238059	0.0951754	1.0594	-1.25749	-1.43821	
0.220979	0.238015	0.0950338	1.05756	-1.25735	-1.43666	
0.220881	0.23797	0.0948923	1.05571	-1.25722	-1.43511	
0.220783	0.237926	0.0947508	1.05387	-1.25708	-1.43356	
0.220684	0.237882	0.0946094	1.05203	-1.25694	-1.43201	
0.220586	0.237837	0.094468	1.05019	-1.25681	-1.43046	
0.220487	0.237793	0.0943267	1.04835	-1.25667	-1.42892	
0.220388	0.237749	0.0941854	1.04651	-1.25653	-1.42737	
0.22029	0.237704	0.0940442	1.04468	-1.25639	-1.42583	
0.220191	0.23766	0.093903	1.04284	-1.25625	-1.42429	
0.220092	0.237616	0.0937618	1.04101	-1.25611	-1.42275	
0.219993	0.237571	0.0936207	1.03918	-1.25596	-1.42121	
0.219894	0.237527	0.0934797	1.03735	-1.25582	-1.41968	
0.219795	0.237483	0.0933387	1.03553	-1.25568	-1.41814	
0.219695	0.237439	0.0931977	1.0337	-1.25553	-1.41661	
0.219596	0.237394	0.0930568	1.03188	-1.25538	-1.41508	
0.219496	0.23735	0.0929159	1.03005	-1.25524	-1.41355	
0.219397	0.237306	0.0927751	1.02823	-1.25509	-1.41202	
0.219297	0.237262	0.0926343	1.02641	-1.25494	-1.4105	
0.219197	0.237218	0.0924936	1.0246	-1.25479	-1.40897	
0.219097	0.237173	0.0923529	1.02278	-1.25464	-1.40745	
0.218998	0.237129	0.0922122	1.02097	-1.25449	-1.40593	
0.218897	0.237085	0.0920716	1.01915	-1.25434	-1.40441	
0.218797	0.237041	0.0919311	1.01734	-1.25418	-1.40289	
0.218697	0.236997	0.0917906	1.01553	-1.25403	-1.40137	
0.218597	0.236953	0.0916501	1.01372	-1.25388	-1.39986	
0.218496	0.236908	0.0915097	1.01192	-1.25372	-1.39834	
0.218396	0.236864	0.0913693	1.01011	-1.25357	-1.39683	
0.218295	0.23682	0.091229	1.00831	-1.25341	-1.39532	
0.218195	0.236776	0.0910888	1.00651	-1.25325	-1.39382	
0.218094	0.236732	0.0909485	1.00471	-1.25309	-1.39231	
0.217993	0.236688	0.0908084	1.00291	-1.25293	-1.3908	
0.217892	0.236644	0.0906682	1.00112	-1.25277	-1.3893	
0.217791	0.2366	0.0905281	0.999321	-1.25261	-1.3878	
0.21769	0.236556	0.0903881	0.997528	-1.25245	-1.3863	
0.217589	0.236512	0.0902481	0.995737	-1.25229	-1.3848	
0.217487	0.236468	0.0901082	0.993948	-1.25212	-1.38331	
0.217386	0.236424	0.0899683	0.99216	-1.25196	-1.38181	
0.217284	0.23638	0.0898284	0.990374	-1.25179	-1.38032	
0.217183	0.236336	0.0896886	0.98859	-1.25163	-1.37883	
0.217081	0.236292	0.0895489	0.986808	-1.25146	-1.37734	
0.216979	0.236248	0.0894092	0.985027	-1.25129	-1.37586	
0.216877	0.236204	0.0892695	0.983248	-1.25112	-1.37437	
0.216775	0.23616	0.0891299	0.981471	-1.25095	-1.37289	
0.216673	0.236116	0.0889903	0.979696	-1.25078	-1.37141	
0.216571	0.236072	0.0888508	0.977922	-1.25061	-1.36993	
0.216469	0.236028	0.0887113	0.97615	-1.25044	-1.36845	
0.216367	0.235984	0.0885719	0.97438	-1.25027	-1.36697	
0.216264	0.23594	0.0884325	0.972612	-1.25009	-1.3655	
0.216162	0.235896	0.0882932	0.970845	-1.24992	-1.36402	
0.216059	0.235852	0.0881539	0.96908	-1.24975	-1.36255	
0.215956	0.235808	0.0880147	0.967317	-1.24957	-1.36109	
0.215854	0.235764	0.0878755	0.965556	-1.24939	-1.35962	
0.215751	0.23572	0.0877364	0.963797	-1.24922	-1.35815	
0.215648	0.235677	0.0875973	0.962039	-1.24904	-1.35669	
0.215545	0.235633	0.0874583	0.960284	-1.24886	-1.35523	
0.215442	0.235589	0.0873193	0.95853	-1.24868	-1.35377	
0.215338	0.235545	0.0871803	0.956778	-1.2485	-1.35231	
0.215235	0.235501	0.0870414	0.955028	-1.24832	-1.35085	
0.215132	0.235457	0.0869026	0.953279	-1.24814	-1.3494	
0.215028	0.235414	0.0867638	0.951533	-1.24795	-1.34795	
0.214925	0.23537	0.0866251	0.949788	-1.24777	-1.3465	
0.214821	0.235326	0.0864864	0.948045	-1.24758	-1.34505	
0.214717	0.235282	0.0863477	0.946304	-1.2474	-1.3436	
0.214613	0.235238	0.0862091	0.944565	-1.24721	-1.34216	
0.214509	0.235195	0.0860706	0.942828	-1.24703	-1.34072	
0.214405	0.235151	0.085932	0.941092	-1.24684	-1.33927	
0.214301	0.235107	0.0857936	0.939359	-1.24665	-1.33784	
0.214197	0.235063	0.0856552	0.937627	-1.24646	-1.3364	
0.214092	0.23502	0.0855168	0.935897	-1.24627	-1.33496	
0.213988	0.234976	0.0853785	0.934169	-1.24608	-1.33353	
0.213884	0.234932	0.0852403	0.932443	-1.24589	-1.3321	
0.213779	0.234889	0.0851021	0.930719	-1.2457	-1.33067	
0.213674	0.234845	0.0849639	0.928997	-1.2455	-1.32924	
0.21357	0.234801	0.0848258	0.927276	-1.24531	-1.32782	
0.213465	0.234758	0.0846877	0.925558	-1.24512	-1.32639	
0.21336	0.234714	0.0845497	0.923841	-1.24492	-1.32497	
0.213255	0.23467	0.0844117	0.922126	-1.24472	-1.32355	
0.213149	0.234627	0.0842738	0.920414	-1.24453	-1.32213	
0.213044	0.234583	0.084136	0.918703	-1.24433	-1.32072	
0.212939	0.234539	0.0839982	0.916994	-1.24413	-1.3193	
0.212834	0.234496	0.0838604	0.915287	-1.24393	-1.31789	
0.212728	0.234452	0.0837227	0.913582	-1.24373	-1.31648	
0.212622	0.234409	0.083585	0.911879	-1.24353	-1.31507	
0.212517	0.234365	0.0834474	0.910177	-1.24333	-1.31367	
0.212411	0.234322	0.0833098	0.908478	-1.24313	-1.31226	
0.212305	0.234278	0.0831723	0.906781	-1.24293	-1.31086	
0.212199	0.234235	0.0830348	0.905085	-1.24272	-1.30946	
0.212093	0.234191	0.0828974	0.903392	-1.24252	-1.30806	
0.211987	0.234147	0.0827601	0.901701	-1.24231	-1.30667	
0.211881	0.234104	0.0826227	0.900011	-1.24211	-1.30527	
0.211775	0.23406	0.0824855	0.898323	-1.2419	-1.30388	
0.211668	0.234017	0.0823483	0.896638	-1.24169	-1.30249	
0.211562	0.233974	0.0822111	0.894954	-1.24149	-1.3011	
0.211455	0.23393	0.082074	0.893272	-1.24128	-1.29972	
0.211348	0.233887	0.0819369	0.891593	-1.24107	-1.29833	
0.211242	0.233843	0.0817999	0.889915	-1.24086	-1.29695	
0.211135	0.2338	0.081663	0.888239	-1.24065	-1.29557	
0.211028	0.233756	0.081526	0.886565	-1.24044	-1.29419	
0.210921	0.233713	0.0813892	0.884893	-1.24022	-1.29282	
0.210814	0.233669	0.0812524	0.883223	-1.24001	-1.29144	
0.210706	0.233626	0.0811156	0.881556	-1.2398	-1.29007	
0.210599	0.233583	0.0809789	0.87989	-1.23958	-1.2887	
0.210492	0.233539	0.0808422	0.878226	-1.23937	-1.28733	
0.210384	0.233496	0.0807056	0.876564	-1.23915	-1.28597	
0.210277	0.233453	0.0805691	0.874904	-1.23893	-1.2846	
0.210169	0.233409	0.0804326	0.873246	-1.23872	-1.28324	
0.210061	0.233366	0.0802961	0.87159	-1.2385	-1.28188	
0.209954	0.233323	0.0801597	0.869936	-1.23828	-1.28052	
0.209846	0.233279	0.0800234	0.868284	-1.23806	-1.27917	
0.209738	0.233236	0.0798871	0.866634	-1.23784	-1.27781	
0.20963	0.233193	0.0797508	0.864986	-1.23762	-1.27646	
0.209521	0.233149	0.0796146	0.86334	-1.2374	-1.27511	
0.209413	0.233106	0.0794785	0.861696	-1.23717	-1.27376	
0.209305	0.233063	0.0793424	0.860055	-1.23695	-1.27242	
0.209196	0.23302	0.0792063	0.858415	-1.23673	-1.27108	
0.209088	0.232976	0.0790703	0.856777	-1.2365	-1.26973	
0.208979	0.232933	0.0789344	0.855141	-1.23628	-1.2684	
0.20887	0.23289	0.0787985	0.853507	-1.23605	-1.26706	
0.208762	0.232847	0.0786627	0.851875	-1.23583	-1.26572	
0.208653	0.232804	0.0785269	0.850246	-1.2356	-1.26439	
0.208544	0.23276	0.0783912	0.848618	-1.23537	-1.26306	
0.208435	0.232717	0.0782555	0.846992	-1.23514	-1.26173	
0.208325	0.232674	0.0781199	0.845369	-1.23491	-1.2604	
0.208216	0.232631	0.0779843	0.843747	-1.23468	-1.25908	
0.208107	0.232588	0.0778488	0.842127	-1.23445	-1.25775	
0.207997	0.232545	0.0777133	0.84051	-1.23422	-1.25643	
0.207888	0.232502	0.0775779	0.838894	-1.23399	-1.25511	
0.207778	0.232458	0.0774425	0.837281	-1.23376	-1.2538	
0.207669	0.232415	0.0773072	0.835669	-1.23352	-1.25248	
0.207559	0.232372	0.0771719	0.83406	-1.23329	-1.25117	
0.207449	0.232329	0.0770367	0.832453	-1.23305	-1.24986	
0.207339	0.232286	0.0769016	0.830847	-1.23282	-1.24855	
0.207229	0.232243	0.0767665	0.829244	-1.23258	-1.24725	
0.207119	0.2322	0.0766314	0.827643	-1.23235	-1.24594	
0.207008	0.232157	0.0764964	0.826044	-1.23211	-1.24464	
0.206898	0.232114	0.0763615	0.824446	-1.23187	-1.24334	
0.206788	0.232071	0.0762266	0.822851	-1.23163	-1.24204	
0.206677	0.232028	0.0760917	0.821258	-1.23139	-1.24075	
0.206567	0.231985	0.0759569	0.819667	-1.23115	-1.23945	
0.206456	0.231942	0.0758222	0.818078	-1.23091	-1.23816	
0.206345	0.231899	0.0756875	0.816492	-1.23067	-1.23687	
0.206234	0.231856	0.0755529	0.814907	-1.23043	-1.23558	
0.206123	0.231813	0.0754183	0.813324	-1.23018	-1.2343	
0.206012	0.23177	0.0752838	0.811743	-1.22994	-1.23302	
0.205901	0.231727	0.0751493	0.810165	-1.2297	-1.23174	
0.20579	0.231684	0.0750149	0.808588	-1.22945	-1.23046	
0.205679	0.231641	0.0748806	0.807014	-1.22921	-1.22918	
0.205567	0.231598	0.0747462	0.805441	-1.22896	-1.2279	
0.205456	0.231556	0.074612	0.803871	-1.22871	-1.22663	
0.205344	0.231513	0.0744778	0.802303	-1.22847	-1.22536	
0.205233	0.23147	0.0743436	0.800736	-1.22822	-1.22409	
0.205121	0.231427	0.0742095	0.799172	-1.22797	-1.22283	
0.205009	0.231384	0.0740755	0.79761	-1.22772	-1.22156	
0.204897	0.231341	0.0739415	0.79605	-1.22747	-1.2203	
0.204785	0.231299	0.0738076	0.794492	-1.22722	-1.21904	
0.204673	0.231256	0.0736737	0.792936	-1.22697	-1.21778	
0.204561	0.231213	0.0735399	0.791382	-1.22672	-1.21653	
0.204449	0.23117	0.0734061	0.78983	-1.22647	-1.21527	
0.204336	0.231127	0.0732724	0.788281	-1.22621	-1.21402	
0.204224	0.231085	0.0731387	0.786733	-1.22596	-1.21277	
0.204111	0.231042	0.0730051	0.785187	-1.2257	-1.21152	
0.203999	0.230999	0.0728716	0.783644	-1.22545	-1.21028	
0.203886	0.230956	0.0727381	0.782103	-1.22519	-1.20904	
0.203773	0.230914	0.0726046	0.780563	-1.22494	-1.20779	
0.20366	0.230871	0.0724712	0.779026	-1.22468	-1.20656	
0.203547	0.230828	0.0723379	0.777491	-1.22442	-1.20532	
0.203434	0.230786	0.0722046	0.775958	-1.22417	-1.20408	
0.203321	0.230743	0.0720714	0.774426	-1.22391	-1.20285	
0.203208	0.2307	0.0719382	0.772897	-1.22365	-1.20162	
0.203095	0.230658	0.0718051	0.771371	-1.22339	-1.20039	
0.202981	0.230615	0.071672	0.769846	-1.22313	-1.19917	
0.202868	0.230572	0.071539	0.768323	-1.22287	-1.19794	
0.202754	0.23053	0.0714061	0.766802	-1.2226	-1.19672	
0.202641	0.230487	0.0712732	0.765283	-1.22234	-1.1955	
0.202527	0.230444	0.0711403	0.763767	-1.22208	-1.19428	
0.202413	0.230402	0.0710075	0.762252	-1.22182	-1.19307	
0.202299	0.230359	0.0708748	0.76074	-1.22155	-1.19185	
0.202185	0.230317	0.0707421	0.75923	-1.22129	-1.19064	
0.202071	0.230274	0.0706095	0.757721	-1.22102	-1.18943	
0.201957	0.230232	0.0704769	0.756215	-1.22076	-1.18823	
0.201843	0.230189	0.0703444	0.754711	-1.22049	-1.18702	
0.201728	0.230147	0.0702119	0.753209	-1.22022	-1.18582	
0.201614	0.230104	0.0700795	0.751709	-1.21995	-1.18462	
0.201499	0.230062	0.0699472	0.750211	-1.21969	-1.18342	
0.201385	0.230019	0.0698149	0.748715	-1.21942	-1.18222	
0.20127	0.229977	0.0696827	0.747221	-1.21915	-1.18103	
0.201155	0.229934	0.0695505	0.745729	-1.21888	-1.17983	
0.20104	0.229892	0.0694184	0.74424	-1.21861	-1.17864	
0.200925	0.229849	0.0692863	0.742752	-1.21834	-1.17746	
0.20081	0.229807	0.0691543	0.741267	-1.21806	-1.17627	
0.200695	0.229764	0.0690223	0.739783	-1.21779	-1.17509	
0.20058	0.229722	0.0688904	0.738302	-1.21752	-1.1739	
0.200464	0.22968	0.0687586	0.736822	-1.21724	-1.17272	
0.200349	0.229637	0.0686268	0.735345	-1.21697	-1.17155	
0.200234	0.229595	0.068495	0.73387	-1.2167	-1.17037	
0.200118	0.229552	0.0683634	0.732397	-1.21642	-1.1692	
0.200002	0.22951	0.0682317	0.730926	-1.21614	-1.16803	
0.199887	0.229468	0.0681002	0.729457	-1.21587	-1.16686	
0.199771	0.229425	0.0679687	0.72799	-1.21559	-1.16569	
0.199655	0.229383	0.0678372	0.726525	-1.21531	-1.16452	
0.199539	0.229341	0.0677058	0.725062	-1.21504	-1.16336	
0.199423	0.229298	0.0675745	0.723601	-1.21476	-1.1622	
0.199307	0.229256	0.0674432	0.722142	-1.21448	-1.16104	
0.19919	0.229214	0.067312	0.720686	-1.2142	-1.15989	
0.199074	0.229172	0.0671808	0.719231	-1.21392	-1.15873	
0.198957	0.229129	0.0670497	0.717778	-1.21364	-1.15758	
0.198841	0.229087	0.0669186	0.716328	-1.21335	-1.15643	
0.198724	0.229045	0.0667876	0.714879	-1.21307	-1.15528	
0.198608	0.229003	0.0666567	0.713433	-1.21279	-1.15413	
0.198491	0.228961	0.0665258	0.711989	-1.21251	-1.15299	
0.198374	0.228918	0.0663949	0.710546	-1.21222	-1.15185	
0.198257	0.228876	0.0662642	0.709106	-1.21194	-1.15071	
0.19814	0.228834	0.0661335	0.707668	-1.21165	-1.14957	
0.198023	0.228792	0.0660028	0.706232	-1.21137	-1.14843	
0.197906	0.22875	0.0658722	0.704798	-1.21108	-1.1473	
0.197788	0.228708	0.0657416	0.703366	-1.2108	-1.14617	
0.197671	0.228665	0.0656112	0.701936	-1.21051	-1.14504	
0.197553	0.228623	0.0654807	0.700508	-1.21022	-1.14391	
0.197436	0.228581	0.0653504	0.699082	-1.20993	-1.14279	
0.197318	0.228539	0.06522	0.697658	-1.20964	-1.14166	
0.1972	0.228497	0.0650898	0.696236	-1.20935	-1.14054	
0.197083	0.228455	0.0649596	0.694816	-1.20906	-1.13942	
0.196965	0.228413	0.0648294	0.693398	-1.20877	-1.13831	
0.196847	0.228371	0.0646994	0.691982	-1.20848	-1.13719	
0.196729	0.228329	0.0645693	0.690569	-1.20819	-1.13608	
0.196611	0.228287	0.0644394	0.689157	-1.2079	-1.13497	
0.196492	0.228245	0.0643094	0.687747	-1.20761	-1.13386	
0.196374	0.228203	0.0641796	0.68634	-1.20731	-1.13275	
0.196256	0.228161	0.0640498	0.684934	-1.20702	-1.13165	
0.196137	0.228119	0.06392	0.68353	-1.20673	-1.13055	
0.196018	0.228077	0.0637904	0.682129	-1.20643	-1.12945	
0.1959	0.228035	0.0636607	0.680729	-1.20614	-1.12835	
0.195781	0.227993	0.0635312	0.679332	-1.20584	-1.12725	
0.195662	0.227951	0.0634017	0.677936	-1.20555	-1.12616	
0.195543	0.227909	0.0632722	0.676543	-1.20525	-1.12507	
0.195424	0.227867	0.0631428	0.675151	-1.20495	-1.12398	
0.195305	0.227825	0.0630135	0.673762	-1.20465	-1.12289	
0.195186	0.227784	0.0628842	0.672374	-1.20436	-1.1218	
0.195067	0.227742	0.062755	0.670989	-1.20406	-1.12072	
0.194947	0.2277	0.0626258	0.669606	-1.20376	-1.11964	
0.194828	0.227658	0.0624968	0.668224	-1.20346	-1.11856	
0.194708	0.227616	0.0623677	0.666845	-1.20316	-1.11748	
0.194589	0.227574	0.0622387	0.665467	-1.20286	-1.1164	
0.194469	0.227532	0.0621098	0.664092	-1.20256	-1.11533	
0.194349	0.227491	0.0619809	0.662719	-1.20226	-1.11426	
0.194229	0.227449	0.0618521	0.661347	-1.20195	-1.11319	
0.194109	0.227407	0.0617234	0.659978	-1.20165	-1.11212	
0.193989	0.227365	0.0615947	0.65861	-1.20135	-1.11106	
0.193869	0.227324	0.0614661	0.657245	-1.20104	-1.10999	
0.193749	0.227282	0.0613375	0.655882	-1.20074	-1.10893	
0.193629	0.22724	0.061209	0.65452	-1.20043	-1.10787	
0.193508	0.227198	0.0610805	0.653161	-1.20013	-1.10681	
0.193388	0.227157	0.0609522	0.651803	-1.19982	-1.10576	
0.193267	0.227115	0.0608238	0.650448	-1.19952	-1.10471	
0.193147	0.227073	0.0606955	0.649094	-1.19921	-1.10365	
0.193026	0.227032	0.0605673	0.647743	-1.1989	-1.10261	
0.192905	0.22699	0.0604392	0.646393	-1.1986	-1.10156	
0.192784	0.226948	0.0603111	0.645046	-1.19829	-1.10051	
0.192663	0.226907	0.060183	0.6437	-1.19798	-1.09947	
0.192542	0.226865	0.0600551	0.642357	-1.19767	-1.09843	
0.192421	0.226824	0.0599271	0.641015	-1.19736	-1.09739	
0.1923	0.226782	0.0597993	0.639675	-1.19705	-1.09635	
0.192179	0.22674	0.0596715	0.638338	-1.19674	-1.09532	
0.192057	0.226699	0.0595438	0.637002	-1.19643	-1.09429	
0.191936	0.226657	0.0594161	0.635668	-1.19612	-1.09325	
0.191814	0.226616	0.0592885	0.634337	-1.19581	-1.09223	
0.191693	0.226574	0.0591609	0.633007	-1.19549	-1.0912	
0.191571	0.226533	0.0590334	0.631679	-1.19518	-1.09017	
0.191449	0.226491	0.058906	0.630353	-1.19487	-1.08915	
0.191327	0.22645	0.0587786	0.629029	-1.19455	-1.08813	
0.191205	0.226408	0.0586513	0.627707	-1.19424	-1.08711	
0.191083	0.226367	0.058524	0.626387	-1.19392	-1.08609	
0.190961	0.226325	0.0583968	0.625069	-1.19361	-1.08508	
0.190839	0.226284	0.0582697	0.623753	-1.19329	-1.08407	
0.190716	0.226242	0.0581426	0.622438	-1.19298	-1.08306	
0.190594	0.226201	0.0580156	0.621126	-1.19266	-1.08205	
0.190472	0.22616	0.0578886	0.619816	-1.19234	-1.08104	
0.190349	0.226118	0.0577617	0.618507	-1.19203	-1.08003	
0.190226	0.226077	0.0576349	0.617201	-1.19171	-1.07903	
0.190104	0.226035	0.0575081	0.615896	-1.19139	-1.07803	
0.189981	0.225994	0.0573814	0.614594	-1.19107	-1.07703	
0.189858	0.225953	0.0572547	0.613293	-1.19075	-1.07603	