-1.01437	-0.607715	1.73261	1.55255	2.35	-0.831199	-0.156087	
-1.01402	-0.607416	1.73243	1.55223	2.3499	-0.831049	-0.156125	
-1.01366	-0.607115	1.73226	1.55191	2.34979	-0.830888	-0.156169	
-1.01331	-0.606818	1.73208	1.55159	2.34968	-0.830742	-0.156205	
-1.01296	-0.606518	1.73192	1.55127	2.34957	-0.830581	-0.156247	
-1.01261	-0.606218	1.73174	1.55095	2.34947	-0.830421	-0.156285	
-1.01225	-0.60592	1.73157	1.55063	2.34936	-0.830271	-0.156324	
-1.0119	-0.605618	1.7314	1.55031	2.34925	-0.830111	-0.156368	
-1.01155	-0.605315	1.73122	1.54999	2.34914	-0.829953	-0.156406	
-1.0112	-0.605017	1.73105	1.54967	2.34904	-0.829804	-0.156442	
-1.01084	-0.604718	1.73088	1.54935	2.34894	-0.829656	-0.156479	
-1.01048	-0.604418	1.73071	1.54903	2.34882	-0.829494	-0.156525	
-1.01013	-0.604119	1.73053	1.54871	2.34872	-0.829335	-0.156563	
-1.00978	-0.603819	1.73036	1.54839	2.34861	-0.829185	-0.156603	
-1.00943	-0.603519	1.73019	1.54807	2.3485	-0.829031	-0.156639	
-1.00907	-0.603222	1.73002	1.54775	2.34839	-0.828874	-0.156679	
-1.00872	-0.60292	1.72985	1.54743	2.34829	-0.828723	-0.15672	
-1.00837	-0.602622	1.72967	1.54711	2.34818	-0.828565	-0.156756	
-1.00801	-0.602321	1.7295	1.54679	2.34807	-0.828403	-0.1568	
-1.00766	-0.602023	1.72933	1.54647	2.34797	-0.828253	-0.156834	
-1.00731	-0.601724	1.72916	1.54615	2.34786	-0.828103	-0.156874	
-1.00695	-0.601424	1.72898	1.54583	2.34775	-0.827943	-0.156917	
-1.0066	-0.601121	1.72881	1.54551	2.34765	-0.827795	-0.156953	
-1.00624	-0.600821	1.72864	1.54518	2.34754	-0.827634	-0.15699	
-1.00589	-0.600525	1.72847	1.54487	2.34743	-0.827486	-0.157027	
-1.00554	-0.600225	1.72829	1.54455	2.34732	-0.827324	-0.157066	
-1.00518	-0.599926	1.72812	1.54423	2.34722	-0.827165	-0.157108	
-1.00483	-0.599626	1.72795	1.54391	2.34711	-0.827006	-0.157149	
-1.00447	-0.599328	1.72777	1.54359	2.34701	-0.826856	-0.157185	
-1.00412	-0.599029	1.7276	1.54327	2.3469	-0.826705	-0.157222	
-1.00376	-0.598731	1.72743	1.54295	2.34679	-0.826554	-0.15726	
-1.00341	-0.598432	1.72726	1.54263	2.34669	-0.826396	-0.157298	
-1.00305	-0.598132	1.72709	1.54231	2.34658	-0.826234	-0.15734	
-1.0027	-0.597833	1.72691	1.54199	2.34647	-0.826075	-0.15738	
-1.00235	-0.597533	1.72674	1.54167	2.34636	-0.825923	-0.157417	
-1.00199	-0.597233	1.72657	1.54135	2.34626	-0.825772	-0.157454	
-1.00164	-0.596936	1.7264	1.54103	2.34615	-0.825622	-0.157492	
-1.00128	-0.596652	1.72622	1.54071	2.34603	-0.825451	-0.157547	
-1.00094	-0.596337	1.72604	1.54038	2.34593	-0.825305	-0.157577	
-1.00058	-0.596039	1.72587	1.54007	2.34582	-0.825144	-0.157616	
-1.00023	-0.595741	1.7257	1.53975	2.34572	-0.824995	-0.157652	
-0.999871	-0.595442	1.72553	1.53943	2.34561	-0.824845	-0.157689	
-0.999516	-0.595139	1.72536	1.53911	2.3455	-0.824684	-0.157725	
-0.999161	-0.59484	1.72519	1.53879	2.34539	-0.824534	-0.157764	
-0.998808	-0.59454	1.72501	1.53846	2.34529	-0.824373	-0.157803	
-0.998453	-0.594244	1.72484	1.53815	2.34518	-0.824225	-0.157837	
-0.998096	-0.593942	1.72467	1.53782	2.34508	-0.824063	-0.157882	
-0.99774	-0.593658	1.72449	1.5375	2.34496	-0.823901	-0.157936	
-0.997392	-0.593348	1.72431	1.53719	2.34486	-0.823757	-0.157959	
-0.997037	-0.593047	1.72414	1.53686	2.34475	-0.823604	-0.157999	
-0.996682	-0.592749	1.72397	1.53654	2.34464	-0.823453	-0.158033	
-0.996327	-0.59245	1.7238	1.53622	2.34453	-0.823293	-0.158073	
-0.995974	-0.592152	1.72362	1.5359	2.34443	-0.823144	-0.158109	
-0.995619	-0.591856	1.72345	1.53559	2.34433	-0.822986	-0.158144	
-0.995263	-0.591556	1.72328	1.53527	2.34422	-0.822834	-0.158182	
-0.994905	-0.591255	1.72311	1.53494	2.34411	-0.822672	-0.158224	
-0.994552	-0.590959	1.72293	1.53463	2.34401	-0.822515	-0.158262	
-0.994195	-0.590658	1.72276	1.5343	2.3439	-0.822362	-0.158298	
-0.993838	-0.590361	1.72259	1.53399	2.34379	-0.822201	-0.158339	
-0.993484	-0.590063	1.72242	1.53367	2.34369	-0.822053	-0.158375	
-0.993127	-0.589765	1.72225	1.53335	2.34358	-0.821892	-0.158412	
-0.992774	-0.589467	1.72207	1.53303	2.34348	-0.821743	-0.158446	
-0.992417	-0.589168	1.7219	1.53271	2.34337	-0.82158	-0.158485	
-0.992063	-0.588869	1.72173	1.53239	2.34326	-0.82143	-0.158521	
-0.991708	-0.58857	1.72156	1.53207	2.34316	-0.82127	-0.158561	
-0.991349	-0.588273	1.72139	1.53175	2.34305	-0.821119	-0.158598	
-0.990995	-0.587974	1.72121	1.53143	2.34294	-0.820968	-0.158632	
-0.99064	-0.587677	1.72104	1.53111	2.34284	-0.82081	-0.158669	
-0.990286	-0.587376	1.72087	1.53079	2.34273	-0.820648	-0.158709	
-0.98993	-0.587079	1.72069	1.53047	2.34263	-0.820498	-0.158744	
-0.989569	-0.586796	1.72053	1.53015	2.3425	-0.820331	-0.1588	
-0.989221	-0.586483	1.72035	1.52983	2.3424	-0.820187	-0.158822	
-0.988864	-0.586184	1.72018	1.52951	2.3423	-0.820036	-0.15886	
-0.988508	-0.585885	1.72	1.52919	2.34219	-0.819875	-0.158899	
-0.988152	-0.585589	1.71983	1.52887	2.34209	-0.819727	-0.158933	
-0.987799	-0.58529	1.71965	1.52855	2.34199	-0.819577	-0.158969	
-0.987443	-0.58499	1.71948	1.52823	2.34188	-0.819415	-0.159006	
-0.987085	-0.584693	1.71931	1.52791	2.34177	-0.819265	-0.159043	
-0.986728	-0.584396	1.71914	1.52759	2.34167	-0.819105	-0.15908	
-0.986371	-0.584095	1.71897	1.52727	2.34156	-0.818951	-0.159116	
-0.986017	-0.583798	1.71879	1.52695	2.34146	-0.818793	-0.159155	
-0.985658	-0.5835	1.71862	1.52663	2.34135	-0.818641	-0.159191	
-0.985301	-0.583201	1.71845	1.52631	2.34124	-0.81848	-0.159228	
-0.984947	-0.582905	1.71828	1.52599	2.34114	-0.818324	-0.159264	
-0.984587	-0.582606	1.71811	1.52567	2.34103	-0.81818	-0.159299	
-0.984231	-0.582311	1.71793	1.52535	2.34093	-0.818018	-0.159339	
-0.983873	-0.582015	1.71776	1.52503	2.34082	-0.817858	-0.159374	
-0.983518	-0.581715	1.71759	1.52471	2.34072	-0.817706	-0.159411	
-0.983161	-0.58143	1.71741	1.52439	2.3406	-0.817544	-0.159465	
-0.982807	-0.58112	1.71724	1.52407	2.34049	-0.817398	-0.15949	
-0.982454	-0.580824	1.71707	1.52375	2.34039	-0.817248	-0.159521	
-0.982098	-0.580526	1.71689	1.52343	2.34029	-0.817088	-0.159559	
-0.981742	-0.580228	1.71672	1.52311	2.34018	-0.816928	-0.159595	
-0.981384	-0.579942	1.71654	1.52279	2.34006	-0.816764	-0.159649	
-0.981031	-0.57963	1.71637	1.52247	2.33996	-0.816616	-0.159674	
-0.980674	-0.579346	1.71619	1.52215	2.33984	-0.816454	-0.159724	
-0.980322	-0.579035	1.71602	1.52183	2.33974	-0.816307	-0.159751	
-0.979964	-0.578738	1.71585	1.52151	2.33963	-0.816158	-0.159786	
-0.979612	-0.578439	1.71567	1.52119	2.33954	-0.816007	-0.159819	
-0.979255	-0.578142	1.7155	1.52087	2.33943	-0.815847	-0.159855	
-0.978897	-0.577844	1.71533	1.52055	2.33932	-0.815696	-0.159889	
-0.978538	-0.577546	1.71515	1.52023	2.33922	-0.815535	-0.159927	
-0.978178	-0.577252	1.71498	1.51991	2.33911	-0.815381	-0.159964	
-0.977825	-0.576955	1.71481	1.51959	2.33901	-0.815232	-0.159997	
-0.977467	-0.576656	1.71464	1.51927	2.3389	-0.815069	-0.160033	
-0.977105	-0.576374	1.71447	1.51895	2.33878	-0.814905	-0.160089	
-0.976756	-0.57606	1.71429	1.51863	2.33868	-0.814761	-0.160113	
-0.976396	-0.575764	1.71412	1.51831	2.33858	-0.81461	-0.160148	
-0.976043	-0.575468	1.71394	1.51799	2.33847	-0.814452	-0.160179	
-0.975682	-0.575167	1.71377	1.51767	2.33836	-0.814297	-0.160216	
-0.975326	-0.57487	1.7136	1.51735	2.33826	-0.814138	-0.160253	
-0.974967	-0.574572	1.71343	1.51703	2.33816	-0.813997	-0.160286	
-0.974609	-0.574275	1.71326	1.51671	2.33805	-0.813835	-0.160322	
-0.974251	-0.573984	1.71308	1.5164	2.33795	-0.813676	-0.160358	
-0.973893	-0.573685	1.71291	1.51607	2.33784	-0.813524	-0.160394	
-0.973536	-0.573386	1.71274	1.51575	2.33774	-0.813363	-0.16043	
-0.973178	-0.573091	1.71256	1.51544	2.33764	-0.813214	-0.160464	
-0.97282	-0.572791	1.71239	1.51511	2.33753	-0.813061	-0.160499	
-0.972462	-0.572494	1.71222	1.51479	2.33743	-0.812902	-0.160533	
-0.972105	-0.572198	1.71205	1.51448	2.33732	-0.812752	-0.160565	
-0.971747	-0.5719	1.71187	1.51416	2.33722	-0.812591	-0.160601	
-0.971386	-0.571602	1.7117	1.51384	2.33711	-0.81244	-0.160639	
-0.971027	-0.571326	1.71153	1.51352	2.33699	-0.812263	-0.160694	
-0.970674	-0.571011	1.71135	1.5132	2.33689	-0.812127	-0.160715	
-0.970319	-0.570713	1.71118	1.51287	2.33679	-0.811968	-0.160749	
-0.96996	-0.570418	1.71101	1.51256	2.33668	-0.811818	-0.160782	
-0.9696	-0.570118	1.71084	1.51224	2.33658	-0.811654	-0.160819	
-0.969242	-0.569822	1.71066	1.51192	2.33648	-0.811507	-0.160852	
-0.968884	-0.569523	1.71049	1.5116	2.33637	-0.811342	-0.160888	
-0.968526	-0.569226	1.71032	1.51128	2.33627	-0.811194	-0.160923	
-0.968167	-0.568934	1.71015	1.51096	2.33616	-0.81103	-0.160957	
-0.967807	-0.568636	1.70997	1.51064	2.33606	-0.81089	-0.16099	
-0.967452	-0.568339	1.7098	1.51032	2.33596	-0.81073	-0.161023	
-0.967089	-0.56804	1.70963	1.51	2.33585	-0.810576	-0.161059	
-0.96673	-0.567741	1.70946	1.50968	2.33574	-0.810415	-0.161098	
-0.966374	-0.567447	1.70928	1.50936	2.33564	-0.810258	-0.161129	
-0.966013	-0.567151	1.70911	1.50904	2.33554	-0.810113	-0.161164	
-0.965656	-0.566856	1.70894	1.50872	2.33543	-0.809954	-0.161197	
-0.965292	-0.566559	1.70877	1.5084	2.33532	-0.809801	-0.161232	
-0.964936	-0.56626	1.7086	1.50808	2.33522	-0.809629	-0.161268	
-0.964579	-0.565963	1.70842	1.50776	2.33512	-0.809481	-0.161302	
-0.964221	-0.565666	1.70825	1.50744	2.33502	-0.80933	-0.161331	
-0.963858	-0.565372	1.70808	1.50712	2.33491	-0.809176	-0.161371	
-0.9635	-0.565075	1.70791	1.5068	2.33481	-0.809024	-0.161402	
-0.963139	-0.564779	1.70774	1.50648	2.3347	-0.808856	-0.161439	
-0.962783	-0.564481	1.70756	1.50616	2.3346	-0.808705	-0.161471	
-0.962424	-0.564198	1.70739	1.50584	2.33448	-0.808542	-0.161517	
-0.96207	-0.563891	1.70721	1.50552	2.33437	-0.808393	-0.161556	
-0.961716	-0.563596	1.70703	1.50521	2.33427	-0.808246	-0.161582	
-0.961354	-0.563298	1.70686	1.50489	2.33416	-0.808085	-0.161617	
-0.960997	-0.563002	1.70669	1.50457	2.33406	-0.807935	-0.161649	
-0.960637	-0.562705	1.70652	1.50425	2.33395	-0.807773	-0.161682	
-0.960276	-0.562407	1.70634	1.50393	2.33385	-0.807632	-0.161715	
-0.959918	-0.562114	1.70617	1.50361	2.33375	-0.80747	-0.161751	
-0.959555	-0.561815	1.706	1.50329	2.33364	-0.807306	-0.161786	
-0.959197	-0.561518	1.70583	1.50296	2.33354	-0.807155	-0.161818	
-0.958839	-0.561223	1.70565	1.50265	2.33344	-0.806997	-0.16185	
-0.958475	-0.56093	1.70548	1.50233	2.33333	-0.806854	-0.161885	
-0.958117	-0.560631	1.70531	1.50201	2.33323	-0.806692	-0.161919	
-0.957758	-0.560335	1.70514	1.50169	2.33313	-0.806542	-0.161951	
-0.957399	-0.560039	1.70496	1.50137	2.33302	-0.806382	-0.161982	
-0.957036	-0.559741	1.70479	1.50105	2.33292	-0.80623	-0.162019	
-0.956676	-0.559448	1.70462	1.50073	2.33281	-0.806067	-0.162054	
-0.956316	-0.559151	1.70445	1.50041	2.33271	-0.805915	-0.162085	
-0.955959	-0.558854	1.70428	1.50009	2.33261	-0.805765	-0.162115	
-0.955596	-0.558558	1.7041	1.49977	2.3325	-0.805605	-0.16215	
-0.955233	-0.558279	1.70393	1.49945	2.33238	-0.805436	-0.162204	
-0.954883	-0.557969	1.70375	1.49914	2.33229	-0.805295	-0.162222	
-0.954522	-0.55767	1.70358	1.49881	2.33218	-0.80514	-0.162254	
-0.954161	-0.557372	1.70341	1.49849	2.33208	-0.804981	-0.162291	
-0.953799	-0.55708	1.70324	1.49817	2.33197	-0.804818	-0.162325	
-0.953439	-0.556784	1.70307	1.49785	2.33187	-0.804677	-0.162354	
-0.953081	-0.556487	1.70289	1.49753	2.33177	-0.804518	-0.162387	
-0.952723	-0.5562	1.70272	1.49721	2.33166	-0.804354	-0.162434	
-0.952364	-0.555899	1.70254	1.4969	2.33155	-0.804207	-0.162459	
-0.952005	-0.555602	1.70237	1.49658	2.33145	-0.804046	-0.16249	
-0.951641	-0.555305	1.7022	1.49626	2.33135	-0.803906	-0.162523	
-0.951282	-0.555007	1.70202	1.49594	2.33125	-0.803743	-0.162556	
-0.95092	-0.554715	1.70185	1.49562	2.33114	-0.803592	-0.162588	
-0.950559	-0.554419	1.70168	1.4953	2.33104	-0.803432	-0.162623	
-0.9502	-0.55412	1.70151	1.49498	2.33093	-0.803268	-0.162656	
-0.949836	-0.553827	1.70134	1.49466	2.33083	-0.803124	-0.162687	
-0.949479	-0.55353	1.70116	1.49434	2.33073	-0.802966	-0.162719	
-0.949116	-0.553236	1.70099	1.49402	2.33063	-0.802816	-0.16275	
-0.948756	-0.552938	1.70082	1.4937	2.33052	-0.802645	-0.162785	
-0.948396	-0.552645	1.70064	1.49338	2.33042	-0.802492	-0.162818	
-0.948033	-0.55235	1.70047	1.49306	2.33032	-0.802342	-0.162848	
-0.947675	-0.552051	1.7003	1.49274	2.33022	-0.802181	-0.162881	
-0.94731	-0.55176	1.70013	1.49243	2.33011	-0.802027	-0.162914	
-0.94695	-0.551463	1.69996	1.49211	2.33001	-0.801878	-0.162944	
-0.946585	-0.55118	1.69979	1.49178	2.32989	-0.801711	-0.162996	
-0.946231	-0.550875	1.69961	1.49147	2.32979	-0.801566	-0.163016	
-0.94587	-0.550578	1.69943	1.49115	2.32969	-0.801406	-0.163049	
-0.945512	-0.550282	1.69926	1.49083	2.32959	-0.801255	-0.163077	
-0.94515	-0.549988	1.69909	1.49051	2.32949	-0.801102	-0.16311	
-0.944788	-0.549693	1.69891	1.49019	2.32938	-0.800944	-0.163141	
-0.944426	-0.549395	1.69874	1.48987	2.32928	-0.800791	-0.163175	
-0.944063	-0.549117	1.69857	1.48955	2.32916	-0.800626	-0.163224	
-0.943707	-0.548805	1.69839	1.48923	2.32906	-0.800478	-0.163246	
-0.943345	-0.548509	1.69822	1.48891	2.32896	-0.800318	-0.163278	
-0.942983	-0.548218	1.69805	1.48859	2.32886	-0.800165	-0.163309	
-0.942624	-0.547921	1.69787	1.48827	2.32876	-0.800016	-0.163337	
-0.94226	-0.547624	1.6977	1.48795	2.32865	-0.799854	-0.163371	
-0.941895	-0.547331	1.69753	1.48763	2.32855	-0.799699	-0.163405	
-0.941539	-0.547035	1.69736	1.48731	2.32845	-0.79954	-0.163432	
-0.941173	-0.546739	1.69719	1.487	2.32834	-0.799389	-0.163466	
-0.940812	-0.546445	1.69702	1.48667	2.32824	-0.799236	-0.163496	
-0.94045	-0.54615	1.69684	1.48636	2.32814	-0.799078	-0.163529	
-0.940086	-0.545859	1.69667	1.48604	2.32804	-0.798925	-0.16356	
-0.939724	-0.54556	1.6965	1.48572	2.32793	-0.798771	-0.163592	
-0.939363	-0.545263	1.69633	1.4854	2.32783	-0.798612	-0.163624	
-0.939003	-0.544972	1.69615	1.48508	2.32773	-0.798451	-0.163655	
-0.93864	-0.544675	1.69598	1.48476	2.32763	-0.798299	-0.163686	
-0.938275	-0.544382	1.69581	1.48444	2.32753	-0.798146	-0.163719	
-0.937915	-0.544088	1.69564	1.48413	2.32743	-0.797988	-0.163747	
-0.93755	-0.54379	1.69547	1.4838	2.32732	-0.797835	-0.163781	
-0.937188	-0.5435	1.69529	1.48349	2.32722	-0.797684	-0.163809	
-0.936824	-0.543201	1.69512	1.48316	2.32711	-0.797521	-0.163844	
-0.936465	-0.542911	1.69495	1.48285	2.32702	-0.797371	-0.163872	
-0.9361	-0.542615	1.69478	1.48253	2.32691	-0.797211	-0.163905	
-0.935736	-0.542315	1.69461	1.4822	2.32681	-0.797046	-0.163939	
-0.935375	-0.542024	1.69443	1.48189	2.32671	-0.796904	-0.163967	
-0.93501	-0.541726	1.69426	1.48156	2.3266	-0.796742	-0.163999	
-0.934649	-0.541437	1.69409	1.48125	2.3265	-0.796584	-0.16403	
-0.934288	-0.541141	1.69392	1.48093	2.3264	-0.796443	-0.164056	
-0.933921	-0.540847	1.69375	1.48061	2.3263	-0.796277	-0.164092	
-0.93356	-0.540553	1.69357	1.4803	2.3262	-0.796119	-0.164122	
-0.933196	-0.540254	1.6934	1.47997	2.3261	-0.795967	-0.164153	
-0.932835	-0.539963	1.69323	1.47966	2.32599	-0.795806	-0.164182	
-0.93247	-0.539667	1.69305	1.47933	2.32589	-0.795656	-0.164215	
-0.932107	-0.539375	1.69288	1.47902	2.32579	-0.795504	-0.164243	
-0.931745	-0.53908	1.69271	1.4787	2.32569	-0.795343	-0.164273	
-0.931378	-0.538786	1.69254	1.47838	2.32558	-0.79519	-0.164307	
-0.931016	-0.53849	1.69237	1.47806	2.32548	-0.795028	-0.164336	
-0.930656	-0.538208	1.69219	1.47774	2.32537	-0.794865	-0.164382	
-0.930296	-0.5379	1.69201	1.47742	2.32527	-0.794717	-0.164405	
-0.929931	-0.53761	1.69184	1.4771	2.32517	-0.794565	-0.164434	
-0.92957	-0.537312	1.69167	1.47678	2.32507	-0.794414	-0.164462	
-0.929206	-0.537021	1.6915	1.47646	2.32496	-0.794251	-0.164493	
-0.928841	-0.536725	1.69133	1.47614	2.32486	-0.794102	-0.164525	
-0.928479	-0.536433	1.69115	1.47583	2.32476	-0.793951	-0.164552	
-0.928113	-0.536137	1.69098	1.47551	2.32466	-0.793789	-0.164585	
-0.927751	-0.535846	1.69081	1.47519	2.32456	-0.793627	-0.164614	
-0.927388	-0.535549	1.69064	1.47487	2.32446	-0.793476	-0.164643	
-0.927023	-0.535255	1.69046	1.47455	2.32436	-0.793323	-0.164675	
-0.926659	-0.534961	1.69029	1.47423	2.32426	-0.793165	-0.164704	
-0.926295	-0.534668	1.69012	1.47391	2.32415	-0.793011	-0.164734	
-0.925931	-0.534373	1.68995	1.47359	2.32405	-0.792861	-0.164763	
-0.925567	-0.534079	1.68978	1.47327	2.32395	-0.792696	-0.164795	
-0.925203	-0.533784	1.6896	1.47295	2.32385	-0.792536	-0.164825	
-0.924841	-0.533493	1.68943	1.47264	2.32375	-0.792387	-0.164852	
-0.924476	-0.533197	1.68926	1.47232	2.32365	-0.792225	-0.164884	
-0.924109	-0.532905	1.68909	1.472	2.32354	-0.792071	-0.164916	
-0.923748	-0.532608	1.68891	1.47168	2.32344	-0.791922	-0.164941	
-0.923382	-0.532315	1.68874	1.47136	2.32334	-0.791757	-0.164974	
-0.923018	-0.532021	1.68857	1.47104	2.32324	-0.79161	-0.165	
-0.922655	-0.531728	1.6884	1.47072	2.32314	-0.791447	-0.165033	
-0.922286	-0.531437	1.68823	1.4704	2.32303	-0.791294	-0.165065	
-0.921923	-0.531139	1.68806	1.47008	2.32293	-0.791141	-0.165092	
-0.921559	-0.530848	1.68788	1.46976	2.32283	-0.790981	-0.165123	
-0.921194	-0.530552	1.68771	1.46944	2.32273	-0.79083	-0.165151	
-0.920828	-0.53026	1.68754	1.46912	2.32263	-0.790678	-0.165181	
-0.920467	-0.529965	1.68737	1.46881	2.32253	-0.790518	-0.165207	
-0.9201	-0.529672	1.6872	1.46849	2.32243	-0.790364	-0.165239	
-0.919738	-0.52938	1.68702	1.46817	2.32233	-0.790204	-0.165269	
-0.919371	-0.529085	1.68685	1.46785	2.32223	-0.790055	-0.165298	
-0.919005	-0.528792	1.68668	1.46753	2.32213	-0.78989	-0.165329	
-0.918644	-0.528498	1.6865	1.46721	2.32203	-0.789743	-0.165353	
-0.918277	-0.528204	1.68633	1.46689	2.32192	-0.789577	-0.165387	
-0.917913	-0.527913	1.68616	1.46657	2.32183	-0.789427	-0.165414	
-0.917544	-0.527616	1.68599	1.46625	2.32172	-0.789275	-0.165444	
-0.917183	-0.527326	1.68581	1.46594	2.32162	-0.789115	-0.16547	
-0.916818	-0.527029	1.68564	1.46562	2.32152	-0.788964	-0.165499	
-0.916448	-0.526736	1.68547	1.4653	2.32142	-0.788799	-0.165534	
-0.916085	-0.526445	1.6853	1.46498	2.32132	-0.788647	-0.16556	
-0.915718	-0.52615	1.68513	1.46466	2.32122	-0.788498	-0.165588	
-0.915353	-0.525857	1.68495	1.46434	2.32112	-0.788326	-0.165622	
-0.914987	-0.525567	1.68478	1.46403	2.32101	-0.788184	-0.165647	
-0.914626	-0.525269	1.68461	1.4637	2.32092	-0.788024	-0.165675	
-0.91426	-0.524979	1.68444	1.46339	2.32082	-0.787872	-0.165702	
-0.913891	-0.524687	1.68427	1.46307	2.32071	-0.787719	-0.165733	
-0.913526	-0.524391	1.68409	1.46275	2.32061	-0.787559	-0.16576	
-0.913162	-0.524099	1.68392	1.46243	2.32051	-0.787398	-0.16579	
-0.912794	-0.523808	1.68375	1.46211	2.32041	-0.787244	-0.165821	
-0.912429	-0.52351	1.68358	1.46179	2.32031	-0.787094	-0.165848	
-0.912067	-0.523221	1.6834	1.46147	2.32022	-0.786936	-0.165873	
-0.911696	-0.522927	1.68323	1.46115	2.32011	-0.786779	-0.165907	
-0.911332	-0.522633	1.68306	1.46084	2.32001	-0.786622	-0.165933	
-0.910968	-0.52234	1.68289	1.46052	2.31991	-0.786468	-0.165958	
-0.910601	-0.522048	1.68271	1.4602	2.31981	-0.786308	-0.165991	
-0.910235	-0.521753	1.68254	1.45988	2.31971	-0.786158	-0.166017	
-0.90987	-0.521462	1.68237	1.45956	2.31961	-0.785996	-0.166045	
-0.909502	-0.52117	1.6822	1.45924	2.31951	-0.785843	-0.166074	
-0.909136	-0.520878	1.68203	1.45892	2.31941	-0.785681	-0.166104	
-0.908774	-0.520582	1.68185	1.4586	2.31931	-0.785532	-0.166127	
-0.908402	-0.520291	1.68168	1.45829	2.31921	-0.78538	-0.166159	
-0.908036	-0.520013	1.68151	1.45796	2.31909	-0.785202	-0.166207	
-0.907685	-0.519702	1.68132	1.45764	2.31899	-0.785056	-0.166226	
-0.907317	-0.51942	1.68115	1.45732	2.31887	-0.784905	-0.166268	
-0.906958	-0.519121	1.68097	1.45701	2.31878	-0.784751	-0.166285	
-0.906593	-0.51883	1.6808	1.45669	2.31868	-0.784601	-0.166312	
-0.906226	-0.518533	1.68062	1.45637	2.31858	-0.784442	-0.166341	
-0.905854	-0.518241	1.68046	1.45605	2.31848	-0.784296	-0.16637	
-0.905488	-0.51795	1.68028	1.45573	2.31838	-0.784134	-0.1664	
-0.905123	-0.517658	1.68011	1.45541	2.31828	-0.783972	-0.166427	
-0.904756	-0.517361	1.67994	1.45509	2.31818	-0.78382	-0.166454	
-0.904393	-0.517071	1.67976	1.45478	2.31808	-0.783664	-0.166478	
-0.904026	-0.516789	1.67959	1.45445	2.31797	-0.783496	-0.166523	
-0.903664	-0.516488	1.67941	1.45414	2.31787	-0.78335	-0.166541	
-0.903294	-0.516197	1.67924	1.45382	2.31777	-0.783198	-0.166569	
-0.90293	-0.515898	1.67907	1.4535	2.31767	-0.783047	-0.166595	
-0.902561	-0.515607	1.6789	1.45318	2.31757	-0.782884	-0.166625	
-0.902195	-0.515315	1.67872	1.45286	2.31747	-0.782733	-0.166649	
-0.901829	-0.515026	1.67855	1.45254	2.31738	-0.782576	-0.166677	
-0.90146	-0.514735	1.67838	1.45223	2.31727	-0.782421	-0.166705	
-0.901095	-0.514438	1.67821	1.45191	2.31717	-0.782261	-0.16673	
-0.900727	-0.514145	1.67803	1.45158	2.31707	-0.782108	-0.166759	
-0.900359	-0.513855	1.67786	1.45127	2.31697	-0.781957	-0.166785	
-0.899991	-0.513564	1.67769	1.45095	2.31687	-0.781797	-0.166815	
-0.899622	-0.51327	1.67752	1.45063	2.31677	-0.781642	-0.166844	
-0.899257	-0.512981	1.67735	1.45031	2.31667	-0.781481	-0.166869	
-0.898891	-0.512685	1.67717	1.44999	2.31658	-0.781334	-0.166894	
-0.898522	-0.512393	1.677	1.44967	2.31648	-0.781171	-0.166924	
-0.898154	-0.512102	1.67683	1.44936	2.31637	-0.781018	-0.16695	
-0.897789	-0.511809	1.67665	1.44904	2.31628	-0.780858	-0.166975	
-0.897416	-0.511519	1.67649	1.44872	2.31618	-0.780706	-0.167006	
-0.897053	-0.511227	1.67631	1.4484	2.31608	-0.780545	-0.16703	
-0.896685	-0.510937	1.67614	1.44809	2.31598	-0.780386	-0.167058	
-0.896316	-0.51064	1.67597	1.44776	2.31588	-0.780232	-0.167084	
-0.895947	-0.510349	1.6758	1.44745	2.31578	-0.780081	-0.167111	
-0.895577	-0.510057	1.67562	1.44713	2.31568	-0.77993	-0.16714	
-0.895211	-0.509767	1.67545	1.44681	2.31558	-0.779769	-0.167165	
-0.894842	-0.509474	1.67528	1.44649	2.31548	-0.779608	-0.167195	
-0.894474	-0.509184	1.67511	1.44617	2.31538	-0.779455	-0.16722	
-0.89411	-0.508892	1.67493	1.44586	2.31529	-0.779305	-0.167242	
-0.89374	-0.508599	1.67476	1.44553	2.31518	-0.779142	-0.167272	
-0.893369	-0.50831	1.67459	1.44522	2.31508	-0.778991	-0.167299	
-0.893003	-0.508016	1.67442	1.4449	2.31499	-0.77883	-0.167327	
-0.892633	-0.507722	1.67425	1.44458	2.31488	-0.778679	-0.167351	
-0.892268	-0.507429	1.67407	1.44426	2.31479	-0.778518	-0.167378	
-0.891899	-0.507137	1.6739	1.44394	2.31469	-0.778358	-0.167405	
-0.891533	-0.506853	1.67372	1.44361	2.31458	-0.778206	-0.167442	
-0.891166	-0.506556	1.67355	1.4433	2.31448	-0.778055	-0.167462	
-0.890799	-0.506265	1.67338	1.44299	2.31438	-0.777894	-0.167489	
-0.890428	-0.505971	1.67321	1.44266	2.31428	-0.777741	-0.167517	
-0.890064	-0.505682	1.67303	1.44235	2.31419	-0.777586	-0.167538	
-0.889694	-0.50539	1.67286	1.44203	2.31409	-0.777433	-0.167565	
-0.889325	-0.5051	1.67268	1.44171	2.31399	-0.777273	-0.167592	
-0.888955	-0.504808	1.67252	1.44139	2.31389	-0.777118	-0.167618	
-0.888589	-0.504517	1.67234	1.44108	2.31379	-0.77696	-0.167643	
-0.888215	-0.504225	1.67217	1.44076	2.31369	-0.776807	-0.167674	
-0.88785	-0.503931	1.672	1.44043	2.31359	-0.776645	-0.167698	
-0.887482	-0.50364	1.67182	1.44012	2.3135	-0.776494	-0.167721	
-0.88711	-0.503351	1.67165	1.4398	2.31339	-0.776334	-0.16775	
-0.886741	-0.503059	1.67148	1.43948	2.3133	-0.776183	-0.167774	
-0.886373	-0.502767	1.67131	1.43916	2.3132	-0.776021	-0.167802	
-0.886005	-0.502475	1.67113	1.43884	2.3131	-0.775859	-0.167828	
-0.885633	-0.502184	1.67096	1.43853	2.313	-0.775719	-0.167852	
-0.885267	-0.501893	1.67079	1.43821	2.3129	-0.775556	-0.167876	
-0.884896	-0.501602	1.67062	1.43789	2.3128	-0.775396	-0.167905	
-0.884529	-0.501311	1.67044	1.43757	2.31271	-0.775247	-0.167927	
-0.884158	-0.50102	1.67027	1.43725	2.31261	-0.775086	-0.167954	
-0.883785	-0.500729	1.6701	1.43694	2.3125	-0.774932	-0.167983	
-0.883418	-0.500437	1.66993	1.43662	2.31241	-0.774773	-0.168008	
-0.883052	-0.500146	1.66975	1.4363	2.31231	-0.774623	-0.168028	
-0.882678	-0.499854	1.66959	1.43598	2.31221	-0.774468	-0.168056	
-0.88231	-0.499564	1.66941	1.43566	2.31211	-0.774301	-0.168083	
-0.88194	-0.49927	1.66924	1.43534	2.31202	-0.774148	-0.168109	
-0.881571	-0.498986	1.66907	1.43503	2.31192	-0.773997	-0.168131	
-0.881201	-0.498692	1.66889	1.43471	2.31182	-0.773834	-0.168159	
-0.880832	-0.498402	1.66872	1.43439	2.31172	-0.773683	-0.168181	
-0.88046	-0.498111	1.66855	1.43407	2.31162	-0.773523	-0.168211	
-0.880092	-0.497819	1.66838	1.43375	2.31153	-0.773374	-0.168234	
-0.879722	-0.497528	1.6682	1.43343	2.31143	-0.773212	-0.168259	
-0.879349	-0.497236	1.66803	1.43311	2.31133	-0.773058	-0.168285	
-0.878983	-0.496944	1.66786	1.4328	2.31123	-0.772899	-0.168308	
-0.878612	-0.496654	1.66768	1.43248	2.31114	-0.772751	-0.168331	
-0.87824	-0.496362	1.66752	1.43216	2.31103	-0.772596	-0.168358	
-0.877869	-0.496076	1.66734	1.43184	2.31094	-0.772436	-0.168384	
-0.8775	-0.495783	1.66717	1.43152	2.31084	-0.772283	-0.168408	
-0.877131	-0.495493	1.667	1.43121	2.31074	-0.772124	-0.168432	
-0.876759	-0.495201	1.66683	1.43089	2.31064	-0.771973	-0.168457	
-0.876391	-0.494911	1.66665	1.43057	2.31055	-0.771804	-0.168483	
-0.876019	-0.49462	1.66648	1.43025	2.31045	-0.771652	-0.168507	
-0.875645	-0.494331	1.66631	1.42993	2.31035	-0.771497	-0.168537	
-0.875279	-0.494039	1.66614	1.42961	2.31025	-0.771338	-0.168558	
-0.874907	-0.493748	1.66597	1.42929	2.31015	-0.771185	-0.168583	
-0.874538	-0.493458	1.66579	1.42898	2.31006	-0.771028	-0.168605	
-0.874163	-0.493164	1.66562	1.42865	2.30995	-0.770872	-0.168635	
-0.873794	-0.492874	1.66545	1.42834	2.30986	-0.770715	-0.168657	
-0.873423	-0.492588	1.66527	1.42802	2.30976	-0.770564	-0.168681	
-0.873054	-0.492297	1.6651	1.42771	2.30967	-0.770405	-0.168705	
-0.872683	-0.492006	1.66493	1.42739	2.30957	-0.770254	-0.168727	
-0.872313	-0.491715	1.66476	1.42707	2.30947	-0.770094	-0.168752	
-0.871942	-0.491423	1.66458	1.42675	2.30937	-0.769933	-0.168776	
-0.871569	-0.491136	1.66441	1.42643	2.30927	-0.769779	-0.168803	
-0.871198	-0.490844	1.66424	1.42611	2.30917	-0.769616	-0.168828	
-0.870828	-0.490554	1.66407	1.4258	2.30908	-0.76947	-0.16885	
-0.870456	-0.490271	1.66389	1.42547	2.30897	-0.769303	-0.168892	
-0.870091	-0.489975	1.66371	1.42516	2.30888	-0.769159	-0.168904	
-0.86972	-0.489709	1.66354	1.42486	2.30877	-0.768986	-0.168941	
-0.869352	-0.48939	1.66337	1.42452	2.30867	-0.768847	-0.168958	
-0.868985	-0.489101	1.66319	1.4242	2.30857	-0.768688	-0.168978	
-0.868613	-0.488813	1.66302	1.42389	2.30848	-0.768527	-0.169004	
-0.868241	-0.488521	1.66285	1.42357	2.30838	-0.768375	-0.169029	
-0.867869	-0.488229	1.66267	1.42324	2.30828	-0.768214	-0.169053	
-0.867497	-0.487945	1.6625	1.42293	2.30818	-0.768064	-0.169075	
-0.867124	-0.487652	1.66233	1.42261	2.30809	-0.767902	-0.169103	
-0.866755	-0.487362	1.66215	1.42229	2.30799	-0.767746	-0.169124	
-0.866382	-0.48707	1.66199	1.42198	2.30789	-0.767601	-0.169146	
-0.866011	-0.486783	1.66181	1.42166	2.3078	-0.767442	-0.16917	
-0.865636	-0.486492	1.66164	1.42134	2.3077	-0.767281	-0.169199	
-0.865268	-0.486202	1.66146	1.42102	2.3076	-0.767123	-0.169217	
-0.864895	-0.485914	1.66129	1.42071	2.30751	-0.766971	-0.169242	
-0.864524	-0.485623	1.66112	1.42039	2.30741	-0.766821	-0.169263	
-0.864152	-0.485331	1.66095	1.42007	2.30732	-0.76666	-0.169287	
-0.863782	-0.485044	1.66077	1.41975	2.30722	-0.766498	-0.169311	
-0.86341	-0.484752	1.6606	1.41943	2.30712	-0.766346	-0.169332	
-0.863035	-0.484461	1.66043	1.41911	2.30702	-0.766187	-0.169359	
-0.862661	-0.484176	1.66026	1.4188	2.30692	-0.766035	-0.169383	
-0.862292	-0.483882	1.66008	1.41847	2.30683	-0.765875	-0.169405	
-0.861917	-0.483596	1.65992	1.41816	2.30673	-0.765722	-0.169431	
-0.861548	-0.483305	1.65974	1.41784	2.30664	-0.765565	-0.16945	
-0.861174	-0.483015	1.65957	1.41753	2.30654	-0.765403	-0.169476	
-0.8608	-0.482726	1.6594	1.41721	2.30644	-0.765251	-0.1695	
-0.860429	-0.482435	1.65922	1.41689	2.30634	-0.765091	-0.169523	
-0.860057	-0.482147	1.65905	1.41657	2.30625	-0.764939	-0.169545	
-0.859685	-0.481858	1.65888	1.41625	2.30615	-0.764782	-0.169567	
-0.859313	-0.481566	1.65871	1.41593	2.30605	-0.76462	-0.169589	
-0.858938	-0.48128	1.65854	1.41562	2.30596	-0.764469	-0.169615	
-0.858563	-0.480985	1.65837	1.41529	2.30586	-0.764306	-0.169643	
-0.858192	-0.480699	1.65819	1.41498	2.30577	-0.764157	-0.169661	
-0.857818	-0.480408	1.65802	1.41466	2.30567	-0.763996	-0.169688	
-0.857447	-0.480121	1.65784	1.41434	2.30557	-0.763837	-0.169708	
-0.857071	-0.47983	1.65768	1.41403	2.30547	-0.763684	-0.169734	
-0.856702	-0.47954	1.6575	1.41371	2.30538	-0.763526	-0.169751	
-0.856329	-0.479252	1.65733	1.41339	2.30528	-0.763374	-0.169775	
-0.855956	-0.478962	1.65715	1.41307	2.30519	-0.763217	-0.169797	
-0.855582	-0.478674	1.65698	1.41276	2.30509	-0.763063	-0.16982	
-0.855211	-0.478405	1.6568	1.41245	2.30498	-0.762888	-0.169856	
-0.85484	-0.478094	1.65663	1.41212	2.30489	-0.762743	-0.169873	
-0.854467	-0.477805	1.65646	1.4118	2.30479	-0.762594	-0.169893	
-0.854096	-0.477518	1.65628	1.41148	2.3047	-0.762436	-0.169913	
-0.853719	-0.477226	1.65611	1.41117	2.3046	-0.762284	-0.169939	
-0.853347	-0.476939	1.65594	1.41085	2.30451	-0.762124	-0.169961	
-0.852972	-0.476648	1.65577	1.41053	2.3044	-0.761972	-0.169983	
-0.852599	-0.47636	1.6556	1.41021	2.30431	-0.761811	-0.170007	
-0.85223	-0.476069	1.65542	1.40989	2.30422	-0.761652	-0.170025	
-0.851855	-0.475783	1.65525	1.40958	2.30412	-0.761493	-0.17005	
-0.851482	-0.475495	1.65508	1.40926	2.30402	-0.76134	-0.170071	
-0.851107	-0.475204	1.6549	1.40894	2.30393	-0.761182	-0.170095	
-0.850733	-0.474919	1.65473	1.40863	2.30383	-0.761022	-0.170117	
-0.850366	-0.474641	1.65455	1.40832	2.30373	-0.760876	-0.17014	
-0.849992	-0.474338	1.65438	1.40799	2.30363	-0.760721	-0.170163	
-0.849616	-0.474046	1.65421	1.40766	2.30353	-0.760551	-0.17019	
-0.849245	-0.473759	1.65403	1.40735	2.30344	-0.760401	-0.170208	
-0.848872	-0.473472	1.65386	1.40703	2.30335	-0.76025	-0.170227	
-0.848494	-0.473181	1.65369	1.40671	2.30325	-0.760081	-0.170256	
-0.848121	-0.472894	1.65352	1.4064	2.30315	-0.759929	-0.170277	
-0.847748	-0.472604	1.65334	1.40608	2.30306	-0.759773	-0.170297	
-0.847374	-0.472316	1.65317	1.40576	2.30296	-0.759619	-0.170317	
-0.846997	-0.472028	1.653	1.40544	2.30286	-0.759459	-0.170343	
-0.846625	-0.471759	1.65282	1.40514	2.30276	-0.759293	-0.170376	
-0.846257	-0.471451	1.65264	1.40481	2.30267	-0.759154	-0.170387	
-0.84588	-0.471165	1.65248	1.40449	2.30257	-0.759001	-0.17041	
-0.845508	-0.470873	1.6523	1.40417	2.30248	-0.758844	-0.17043	
-0.845132	-0.470586	1.65213	1.40386	2.30238	-0.758681	-0.170455	
-0.84476	-0.470294	1.65196	1.40353	2.30228	-0.758523	-0.170473	
-0.844386	-0.470006	1.65178	1.40322	2.30219	-0.758371	-0.170494	
-0.844007	-0.46972	1.65161	1.4029	2.30209	-0.758209	-0.170522	
-0.843632	-0.469431	1.65144	1.40258	2.30199	-0.758056	-0.170542	
-0.843257	-0.469141	1.65127	1.40226	2.3019	-0.757899	-0.170564	
-0.842884	-0.468854	1.65109	1.40195	2.30181	-0.757751	-0.17058	
-0.842511	-0.468569	1.65092	1.40163	2.30171	-0.757592	-0.170602	
-0.842135	-0.468277	1.65075	1.40131	2.30162	-0.757432	-0.170624	
-0.841761	-0.467989	1.65057	1.401	2.30152	-0.757282	-0.170643	
-0.841383	-0.467701	1.6504	1.40068	2.30142	-0.75712	-0.170668	
-0.841013	-0.467411	1.65023	1.40036	2.30133	-0.756962	-0.170684	
-0.840633	-0.467122	1.65006	1.40004	2.30123	-0.756807	-0.170712	
-0.840257	-0.466836	1.64989	1.39972	2.30114	-0.75665	-0.170733	
-0.839885	-0.466549	1.64971	1.39941	2.30104	-0.756489	-0.170753	
-0.839508	-0.466257	1.64954	1.39909	2.30095	-0.75634	-0.170773	
-0.839134	-0.465972	1.64937	1.39877	2.30085	-0.756181	-0.170794	
-0.838758	-0.465682	1.6492	1.39845	2.30076	-0.756017	-0.170817	
-0.838386	-0.465396	1.64902	1.39814	2.30067	-0.75587	-0.170832	
-0.838008	-0.465103	1.64885	1.39781	2.30057	-0.75571	-0.170857	
-0.837632	-0.464817	1.64868	1.3975	2.30047	-0.755548	-0.17088	
-0.837257	-0.464531	1.6485	1.39718	2.30038	-0.755392	-0.170899	
-0.836883	-0.464243	1.64833	1.39687	2.30029	-0.755242	-0.170918	
-0.836505	-0.463956	1.64816	1.39655	2.30019	-0.755078	-0.170943	
-0.836128	-0.463664	1.64799	1.39623	2.30009	-0.75493	-0.170962	
-0.835754	-0.463376	1.64782	1.39591	2.3	-0.754769	-0.170982	
-0.835379	-0.46309	1.64764	1.39559	2.29991	-0.75461	-0.171003	
-0.835002	-0.462804	1.64747	1.39528	2.29981	-0.75446	-0.171023	
-0.834631	-0.462518	1.64729	1.39496	2.29972	-0.754295	-0.171039	
-0.834251	-0.462229	1.64712	1.39464	2.29962	-0.754142	-0.171064	
-0.833873	-0.461937	1.64695	1.39432	2.29953	-0.753991	-0.171085	
-0.833501	-0.46165	1.64678	1.39401	2.29944	-0.753824	-0.171104	
-0.833121	-0.461362	1.64661	1.39369	2.29934	-0.75367	-0.171129	
-0.832747	-0.461077	1.64643	1.39337	2.29924	-0.753514	-0.171147	
-0.832372	-0.460788	1.64626	1.39305	2.29915	-0.753354	-0.171166	
-0.831996	-0.460502	1.64608	1.39274	2.29906	-0.753196	-0.171186	
-0.831618	-0.460213	1.64592	1.39242	2.29896	-0.753052	-0.171205	
-0.831244	-0.459928	1.64574	1.39211	2.29887	-0.752894	-0.171224	
-0.830867	-0.459641	1.64557	1.39179	2.29877	-0.752734	-0.171246	
-0.830489	-0.459349	1.6454	1.39147	2.29868	-0.752575	-0.171266	
-0.830116	-0.459062	1.64522	1.39115	2.29859	-0.752418	-0.171284	
-0.829735	-0.458774	1.64505	1.39083	2.29849	-0.752265	-0.171307	
-0.829363	-0.458487	1.64488	1.39051	2.2984	-0.752107	-0.171324	
-0.828983	-0.458201	1.64471	1.3902	2.2983	-0.751947	-0.171348	
-0.828606	-0.457912	1.64453	1.38988	2.29821	-0.751796	-0.171367	
-0.828231	-0.457627	1.64436	1.38957	2.29811	-0.751639	-0.171383	
-0.827855	-0.457338	1.64419	1.38924	2.29802	-0.751478	-0.171407	
-0.827479	-0.457052	1.64401	1.38893	2.29792	-0.75132	-0.171424	
-0.827101	-0.456765	1.64384	1.38861	2.29783	-0.75116	-0.171447	
-0.826723	-0.456479	1.64367	1.3883	2.29773	-0.75101	-0.171467	
-0.826348	-0.45619	1.64349	1.38798	2.29764	-0.750853	-0.171484	
-0.825969	-0.455904	1.64333	1.38766	2.29755	-0.750701	-0.171503	
-0.825589	-0.455615	1.64316	1.38734	2.29745	-0.750538	-0.171529	
-0.825215	-0.455327	1.64298	1.38702	2.29736	-0.75038	-0.171546	
-0.824838	-0.455042	1.64281	1.38671	2.29727	-0.750233	-0.171561	
-0.824461	-0.454752	1.64263	1.38639	2.29717	-0.750072	-0.171582	
-0.824082	-0.454467	1.64246	1.38607	2.29708	-0.749903	-0.171608	
-0.823705	-0.454178	1.64229	1.38575	2.29698	-0.74975	-0.171626	
-0.823332	-0.453892	1.64211	1.38544	2.29689	-0.749596	-0.171639	
-0.822951	-0.453603	1.64194	1.38512	2.2968	-0.749445	-0.171662	
-0.822572	-0.453316	1.64177	1.3848	2.2967	-0.749284	-0.171682	
-0.822194	-0.453029	1.6416	1.38448	2.29661	-0.749124	-0.171705	
-0.821819	-0.452741	1.64142	1.38416	2.29652	-0.748966	-0.17172	
-0.821442	-0.452456	1.64125	1.38385	2.29642	-0.748821	-0.171736	
-0.821061	-0.452172	1.64108	1.38353	2.29633	-0.748656	-0.171761	
-0.820686	-0.451884	1.64091	1.38321	2.29623	-0.748497	-0.171778	
-0.820308	-0.451597	1.64073	1.3829	2.29614	-0.74834	-0.171799	
-0.81993	-0.451311	1.64056	1.38258	2.29605	-0.748182	-0.171817	
-0.819555	-0.451023	1.64039	1.38226	2.29595	-0.748022	-0.171834	
-0.819175	-0.450736	1.64022	1.38195	2.29586	-0.747872	-0.171855	
-0.818794	-0.450448	1.64005	1.38163	2.29576	-0.747721	-0.171875	
-0.818419	-0.45016	1.63987	1.38131	2.29568	-0.747564	-0.17189	
-0.818041	-0.449879	1.6397	1.381	2.29558	-0.747402	-0.171911	
-0.817663	-0.449593	1.63952	1.38068	2.29549	-0.747248	-0.171928	
-0.817282	-0.449304	1.63935	1.38036	2.29539	-0.747085	-0.171952	
-0.816907	-0.449016	1.63918	1.38004	2.2953	-0.746927	-0.171968	
-0.816527	-0.44873	1.63901	1.37973	2.29521	-0.746779	-0.171985	
-0.816149	-0.44844	1.63883	1.37941	2.29511	-0.746618	-0.172006	
-0.815771	-0.448158	1.63866	1.37909	2.29502	-0.74646	-0.172025	
-0.815392	-0.447873	1.63849	1.37878	2.29493	-0.746311	-0.172041	
-0.815013	-0.447602	1.63831	1.37847	2.29482	-0.746133	-0.172078	
-0.814645	-0.447298	1.63813	1.37814	2.29473	-0.745989	-0.172081	
-0.814262	-0.447009	1.63796	1.37782	2.29464	-0.745837	-0.172103	
-0.813886	-0.446726	1.63779	1.37751	2.29455	-0.745678	-0.172119	
-0.813505	-0.446438	1.63762	1.37719	2.29445	-0.745526	-0.17214	
-0.813127	-0.446151	1.63744	1.37687	2.29436	-0.745361	-0.172159	
-0.812749	-0.445863	1.63727	1.37655	2.29427	-0.745211	-0.172174	
-0.81237	-0.445581	1.6371	1.37624	2.29418	-0.745053	-0.172193	
-0.811993	-0.445292	1.63692	1.37592	2.29408	-0.744892	-0.17221	
-0.811614	-0.445006	1.63675	1.3756	2.29399	-0.744735	-0.17223	
-0.811233	-0.444719	1.63658	1.37529	2.2939	-0.744585	-0.172248	
-0.810854	-0.444436	1.63641	1.37497	2.2938	-0.744416	-0.17227	
-0.810477	-0.444149	1.63623	1.37465	2.29371	-0.744269	-0.172283	
-0.810096	-0.443861	1.63606	1.37434	2.29362	-0.744108	-0.172303	
-0.809719	-0.443577	1.63589	1.37402	2.29353	-0.743949	-0.172321	
-0.809339	-0.443291	1.63571	1.3737	2.29343	-0.743803	-0.172336	
-0.808958	-0.443002	1.63554	1.37338	2.29334	-0.743632	-0.172361	
-0.808577	-0.44272	1.63537	1.37307	2.29325	-0.743483	-0.172379	
-0.808198	-0.44243	1.6352	1.37275	2.29315	-0.743323	-0.172396	
-0.807818	-0.442143	1.63502	1.37243	2.29306	-0.743165	-0.172416	
-0.807439	-0.441862	1.63485	1.37212	2.29297	-0.743006	-0.172433	
-0.807062	-0.441574	1.63467	1.3718	2.29288	-0.742851	-0.172447	
-0.806681	-0.441286	1.6345	1.37148	2.29278	-0.742691	-0.172468	
-0.806304	-0.441004	1.63433	1.37117	2.29269	-0.742543	-0.17248	
-0.805922	-0.440715	1.63416	1.37085	2.2926	-0.742373	-0.172504	
-0.805545	-0.440427	1.63398	1.37053	2.29251	-0.742225	-0.172516	
-0.805163	-0.440145	1.63381	1.37021	2.29242	-0.742077	-0.172534	
-0.804782	-0.439857	1.63364	1.3699	2.29232	-0.741906	-0.172557	
-0.804399	-0.439574	1.63347	1.36958	2.29223	-0.741757	-0.172576	
-0.804026	-0.439288	1.63329	1.36927	2.29214	-0.741595	-0.172586	
-0.803644	-0.439001	1.63312	1.36894	2.29205	-0.741441	-0.172607	
-0.803263	-0.438715	1.63295	1.36863	2.29195	-0.741283	-0.172624	
-0.802883	-0.438428	1.63278	1.36831	2.29186	-0.741125	-0.172643	
-0.802507	-0.438155	1.63259	1.368	2.29176	-0.740961	-0.172668	
-0.802128	-0.437855	1.63242	1.36767	2.29167	-0.740809	-0.172685	
-0.801747	-0.437574	1.63225	1.36736	2.29158	-0.740664	-0.172699	
-0.801371	-0.437286	1.63207	1.36704	2.29149	-0.740497	-0.172713	
-0.800986	-0.437002	1.63191	1.36673	2.29139	-0.740342	-0.172737	
-0.800606	-0.436716	1.63173	1.36641	2.2913	-0.740187	-0.172754	
-0.800225	-0.436434	1.63156	1.3661	2.29121	-0.740029	-0.17277	
-0.79985	-0.436144	1.63138	1.36577	2.29112	-0.739873	-0.172781	
-0.799466	-0.435861	1.63121	1.36546	2.29102	-0.739722	-0.1728	
-0.799086	-0.435573	1.63104	1.36514	2.29093	-0.739555	-0.172819	
-0.798708	-0.43529	1.63086	1.36483	2.29084	-0.739398	-0.172834	
-0.798323	-0.435002	1.63069	1.36451	2.29075	-0.739247	-0.172853	
-0.797944	-0.434717	1.63052	1.36419	2.29066	-0.739089	-0.172869	
-0.797561	-0.434433	1.63035	1.36388	2.29056	-0.738933	-0.172889	
-0.797181	-0.434148	1.63017	1.36356	2.29047	-0.738773	-0.172904	
-0.796799	-0.433866	1.63	1.36324	2.29038	-0.738616	-0.172922	
-0.796421	-0.433578	1.62983	1.36293	2.29029	-0.738458	-0.172936	
-0.796038	-0.433294	1.62965	1.36261	2.2902	-0.738299	-0.172956	
-0.795655	-0.433006	1.62948	1.36229	2.29011	-0.738142	-0.172975	
-0.79528	-0.432722	1.62931	1.36197	2.29002	-0.737984	-0.172985	
-0.794896	-0.432438	1.62914	1.36166	2.28992	-0.737823	-0.173007	
-0.794519	-0.432151	1.62896	1.36134	2.28983	-0.737669	-0.173018	
-0.794132	-0.431868	1.62879	1.36103	2.28974	-0.73751	-0.173041	
-0.793754	-0.431581	1.62861	1.36071	2.28965	-0.737354	-0.173053	
-0.793376	-0.431309	1.62843	1.3604	2.28955	-0.737199	-0.173077	
-0.792995	-0.431028	1.62825	1.36008	2.28945	-0.73704	-0.173106	
-0.792618	-0.430725	1.62808	1.35975	2.28935	-0.73689	-0.173116	
-0.792241	-0.430443	1.6279	1.35944	2.28927	-0.736737	-0.173124	
-0.791859	-0.43016	1.62773	1.35913	2.28918	-0.73658	-0.173142	
-0.791478	-0.429871	1.62756	1.35881	2.28908	-0.736419	-0.173159	
-0.791091	-0.429586	1.62739	1.35849	2.28899	-0.736268	-0.173181	
-0.790713	-0.429302	1.62721	1.35817	2.2889	-0.736103	-0.173194	
-0.790328	-0.429015	1.62705	1.35785	2.28881	-0.735953	-0.173213	
-0.789948	-0.428733	1.62687	1.35754	2.28872	-0.73579	-0.173227	
-0.789569	-0.42846	1.62668	1.35723	2.28862	-0.735635	-0.173251	
-0.789192	-0.428164	1.62651	1.3569	2.28853	-0.735484	-0.173262	
-0.788806	-0.427877	1.62634	1.35659	2.28843	-0.735317	-0.173285	
-0.788425	-0.427594	1.62617	1.35627	2.28834	-0.735167	-0.173297	
-0.788047	-0.427311	1.62599	1.35596	2.28826	-0.735013	-0.173308	
-0.787663	-0.427027	1.62582	1.35564	2.28816	-0.734855	-0.173327	
-0.787278	-0.426739	1.62565	1.35532	2.28807	-0.734697	-0.173345	
-0.786901	-0.426457	1.62547	1.35501	2.28798	-0.734543	-0.173354	
-0.786515	-0.426173	1.6253	1.35469	2.28789	-0.734382	-0.173376	
-0.786134	-0.425888	1.62513	1.35437	2.2878	-0.734225	-0.17339	
-0.78575	-0.425605	1.62496	1.35406	2.28771	-0.734064	-0.173409	
-0.785368	-0.425316	1.62479	1.35374	2.28762	-0.733907	-0.173424	
-0.784987	-0.425034	1.62461	1.35342	2.28753	-0.733753	-0.173438	
-0.784603	-0.424748	1.62444	1.3531	2.28744	-0.733592	-0.173455	
-0.784221	-0.424467	1.62427	1.35279	2.28735	-0.733436	-0.173469	
-0.783836	-0.424182	1.62409	1.35247	2.28725	-0.733278	-0.17349	
-0.783458	-0.423897	1.62392	1.35215	2.28717	-0.733121	-0.173497	
-0.783075	-0.42361	1.62375	1.35184	2.28707	-0.732964	-0.173515	
-0.78269	-0.423327	1.62357	1.35152	2.28698	-0.732806	-0.173534	
-0.782306	-0.423042	1.6234	1.3512	2.28689	-0.732657	-0.173547	
-0.781927	-0.422758	1.62322	1.35089	2.2868	-0.732491	-0.173559	
-0.78154	-0.422476	1.62305	1.35058	2.28671	-0.732334	-0.173581	
-0.781158	-0.422192	1.62288	1.35026	2.28662	-0.732176	-0.173595	
-0.780775	-0.42191	1.62271	1.34994	2.28653	-0.732021	-0.173609	
-0.780391	-0.421625	1.62254	1.34963	2.28644	-0.731871	-0.173625	
-0.780008	-0.421342	1.62236	1.34931	2.28635	-0.731705	-0.173642	
-0.779629	-0.421054	1.62218	1.34899	2.28626	-0.731553	-0.17365	
-0.779245	-0.420768	1.62201	1.34867	2.28617	-0.731391	-0.173667	
-0.778859	-0.420484	1.62184	1.34835	2.28608	-0.731233	-0.173687	
-0.778478	-0.4202	1.62167	1.34804	2.28599	-0.731077	-0.173698	
-0.778093	-0.419918	1.6215	1.34772	2.2859	-0.730918	-0.173716	
-0.77771	-0.419635	1.62132	1.34741	2.28581	-0.730765	-0.17373	
-0.777327	-0.41935	1.62115	1.34709	2.28572	-0.730606	-0.173743	
-0.776946	-0.419067	1.62097	1.34678	2.28563	-0.730449	-0.173755	
-0.776561	-0.418783	1.6208	1.34646	2.28554	-0.730294	-0.173771	
-0.776176	-0.418497	1.62063	1.34614	2.28545	-0.730134	-0.173788	
-0.775794	-0.418215	1.62045	1.34583	2.28536	-0.729969	-0.173803	
-0.775406	-0.417931	1.62028	1.34551	2.28527	-0.729821	-0.173822	
-0.775026	-0.417648	1.62011	1.34519	2.28518	-0.729667	-0.173829	
-0.774643	-0.417365	1.61993	1.34488	2.28509	-0.7295	-0.173847	
-0.774261	-0.417087	1.61975	1.34456	2.28499	-0.729348	-0.173869	
-0.773879	-0.4168	1.61958	1.34425	2.2849	-0.729186	-0.173884	
-0.773499	-0.416524	1.6194	1.34393	2.2848	-0.729033	-0.173904	
-0.773116	-0.416232	1.61923	1.34361	2.28471	-0.728886	-0.173915	
-0.772733	-0.415948	1.61905	1.34329	2.28462	-0.728728	-0.173928	
-0.772349	-0.415665	1.61888	1.34298	2.28453	-0.728573	-0.173942	
-0.771965	-0.41538	1.61871	1.34266	2.28444	-0.728414	-0.173956	
-0.771578	-0.415135	1.61851	1.34239	2.28435	-0.728262	-0.173979	
-0.771201	-0.414814	1.61835	1.34203	2.28426	-0.728094	-0.173993	
-0.770819	-0.41453	1.61818	1.34171	2.28417	-0.72794	-0.174001	
-0.770432	-0.414246	1.61801	1.3414	2.28408	-0.727782	-0.17402	
-0.770049	-0.413966	1.61783	1.34108	2.28399	-0.727626	-0.174033	
-0.769662	-0.413694	1.61765	1.34077	2.28389	-0.727457	-0.174066	
-0.769284	-0.413396	1.61748	1.34044	2.2838	-0.727311	-0.174069	
-0.768899	-0.413113	1.61731	1.34013	2.28371	-0.727157	-0.174082	
-0.768516	-0.412829	1.61713	1.33981	2.28362	-0.727	-0.174093	
-0.76813	-0.412545	1.61696	1.3395	2.28353	-0.726845	-0.174108	
-0.767746	-0.412263	1.61679	1.33918	2.28344	-0.726676	-0.174126	
-0.767361	-0.411981	1.61661	1.33887	2.28335	-0.72652	-0.174139	
-0.766974	-0.411697	1.61644	1.33855	2.28326	-0.726363	-0.174158	
-0.766593	-0.411414	1.61626	1.33824	2.28318	-0.72621	-0.174163	
-0.766204	-0.411133	1.61609	1.33792	2.28308	-0.72605	-0.174184	
-0.765821	-0.410885	1.61589	1.33765	2.283	-0.725913	-0.174194	
-0.765442	-0.410563	1.61574	1.33728	2.2829	-0.725741	-0.17421	
-0.765055	-0.410279	1.61557	1.33697	2.28281	-0.725582	-0.174229	
-0.76467	-0.410002	1.61539	1.33666	2.28272	-0.725427	-0.17424	
-0.764283	-0.409715	1.61522	1.33633	2.28263	-0.725269	-0.174255	
-0.763899	-0.409432	1.61505	1.33602	2.28254	-0.725105	-0.174269	
-0.763512	-0.409149	1.61487	1.3357	2.28245	-0.724959	-0.174282	
-0.763128	-0.408868	1.6147	1.33539	2.28236	-0.72479	-0.174298	
-0.762744	-0.408615	1.6145	1.33511	2.28227	-0.724654	-0.174307	
-0.762363	-0.408299	1.61435	1.33475	2.28218	-0.724482	-0.174327	
-0.761979	-0.408019	1.61417	1.33444	2.28209	-0.724326	-0.174336	
-0.761591	-0.407735	1.614	1.33412	2.282	-0.724168	-0.174354	
-0.761207	-0.407452	1.61382	1.33381	2.28191	-0.724007	-0.174365	
-0.760823	-0.407172	1.61365	1.33349	2.28183	-0.72385	-0.174376	
-0.760438	-0.406886	1.61348	1.33317	2.28174	-0.723693	-0.174389	
-0.760047	-0.406603	1.61331	1.33286	2.28164	-0.723536	-0.174409	
-0.759662	-0.406322	1.61314	1.33254	2.28156	-0.723377	-0.174424	
-0.759279	-0.406038	1.61296	1.33222	2.28147	-0.723225	-0.174429	
-0.75889	-0.405801	1.61276	1.33196	2.28138	-0.723085	-0.174446	
-0.758509	-0.405475	1.61261	1.33159	2.28128	-0.722914	-0.174463	
-0.758122	-0.40519	1.61243	1.33128	2.28119	-0.722749	-0.17448	
-0.757738	-0.40491	1.61226	1.33096	2.28111	-0.722593	-0.174488	
-0.757354	-0.404625	1.61208	1.33064	2.28102	-0.722439	-0.174498	
-0.756966	-0.404345	1.61191	1.33033	2.28093	-0.72227	-0.174517	
-0.756579	-0.404096	1.61171	1.33006	2.28084	-0.722135	-0.174529	
-0.7562	-0.403781	1.61156	1.3297	2.28075	-0.721963	-0.174543	
-0.755813	-0.403498	1.61138	1.32938	2.28066	-0.721809	-0.174555	
-0.755427	-0.403216	1.61121	1.32906	2.28057	-0.72165	-0.174568	
-0.755041	-0.402932	1.61103	1.32875	2.28048	-0.721487	-0.174582	
-0.754652	-0.402653	1.61086	1.32843	2.28039	-0.721339	-0.174596	
-0.75426	-0.402396	1.61067	1.32815	2.2803	-0.721184	-0.17462	
-0.753886	-0.402088	1.61051	1.3278	2.28021	-0.721022	-0.174623	
-0.753497	-0.401803	1.61034	1.32748	2.28012	-0.720865	-0.174639	
-0.753112	-0.401523	1.61016	1.32717	2.28003	-0.72071	-0.174648	
-0.752725	-0.401238	1.60999	1.32685	2.27994	-0.720543	-0.174667	
-0.752338	-0.400959	1.60981	1.32654	2.27986	-0.72039	-0.174676	
-0.751952	-0.400673	1.60964	1.32622	2.27977	-0.720235	-0.174687	
-0.751564	-0.400394	1.60947	1.32591	2.27968	-0.72008	-0.174698	
-0.751178	-0.400112	1.60929	1.32559	2.27959	-0.719921	-0.174711	
-0.75079	-0.399829	1.60912	1.32527	2.27951	-0.719767	-0.174723	
-0.750397	-0.399573	1.60893	1.32498	2.27941	-0.719609	-0.174751	
-0.75002	-0.399264	1.60877	1.32464	2.27932	-0.719449	-0.174756	
-0.749631	-0.398984	1.6086	1.32433	2.27923	-0.719292	-0.174771	
-0.749246	-0.398703	1.60842	1.32401	2.27914	-0.719138	-0.174779	
-0.748858	-0.398418	1.60825	1.32369	2.27906	-0.718972	-0.174795	
-0.748472	-0.398137	1.60807	1.32337	2.27897	-0.718816	-0.174804	
-0.748085	-0.397859	1.6079	1.32306	2.27888	-0.718664	-0.174813	
-0.747695	-0.397573	1.60773	1.32274	2.27879	-0.718505	-0.174832	
-0.747309	-0.397294	1.60755	1.32243	2.27871	-0.718342	-0.174843	
-0.746918	-0.397048	1.60736	1.32216	2.27862	-0.718202	-0.174857	
-0.746539	-0.396727	1.6072	1.32179	2.27852	-0.718033	-0.17487	
-0.746151	-0.396447	1.60702	1.32148	2.27843	-0.717868	-0.174883	
-0.745762	-0.396167	1.60685	1.32117	2.27835	-0.717712	-0.174897	
-0.745377	-0.395882	1.60668	1.32085	2.27826	-0.71756	-0.174901	
-0.744989	-0.395602	1.6065	1.32053	2.27817	-0.717394	-0.174917	
-0.744598	-0.395321	1.60633	1.32022	2.27808	-0.717245	-0.174933	
-0.744212	-0.395042	1.60616	1.3199	2.278	-0.717085	-0.174941	
-0.743826	-0.394756	1.60598	1.31958	2.27791	-0.716931	-0.174949	
-0.743435	-0.394477	1.60581	1.31927	2.27782	-0.716766	-0.174967	
-0.743048	-0.394195	1.60564	1.31895	2.27774	-0.716609	-0.174977	
-0.742661	-0.393916	1.60546	1.31864	2.27765	-0.716447	-0.174988	
-0.742271	-0.393636	1.60529	1.31833	2.27756	-0.716301	-0.174999	
-0.741883	-0.393351	1.60511	1.31801	2.27748	-0.716139	-0.17501	
-0.741495	-0.393068	1.60494	1.31769	2.27739	-0.71598	-0.175024	
-0.741106	-0.39279	1.60477	1.31738	2.2773	-0.715818	-0.175037	
-0.74072	-0.392509	1.60459	1.31706	2.27722	-0.715665	-0.175042	
-0.740327	-0.392263	1.6044	1.31679	2.27712	-0.715521	-0.175061	
-0.739946	-0.391947	1.60424	1.31643	2.27703	-0.715343	-0.175077	
-0.739557	-0.391663	1.60407	1.31612	2.27695	-0.715202	-0.175082	
-0.739167	-0.391381	1.60389	1.3158	2.27686	-0.715034	-0.1751	
-0.738778	-0.391102	1.60372	1.31548	2.27677	-0.714881	-0.175108	
-0.738393	-0.39082	1.60354	1.31517	2.27669	-0.714716	-0.175119	
-0.738	-0.390566	1.60335	1.31488	2.27659	-0.714575	-0.175134	
-0.737619	-0.390259	1.60319	1.31454	2.2765	-0.71441	-0.175143	
-0.73723	-0.389978	1.60302	1.31422	2.27642	-0.714255	-0.175155	
-0.736841	-0.389698	1.60284	1.3139	2.27633	-0.714092	-0.175167	
-0.736451	-0.389417	1.60267	1.31359	2.27624	-0.713933	-0.17518	
-0.736057	-0.389164	1.60248	1.31331	2.27615	-0.713787	-0.1752	
-0.73568	-0.388856	1.60231	1.31296	2.27606	-0.71362	-0.175203	
-0.735288	-0.388575	1.60214	1.31264	2.27597	-0.713464	-0.175218	
-0.734901	-0.388295	1.60197	1.31233	2.27589	-0.713307	-0.175225	
-0.73451	-0.388013	1.6018	1.31201	2.2758	-0.713145	-0.175242	
-0.734121	-0.387733	1.60162	1.3117	2.27571	-0.712991	-0.175249	
-0.733734	-0.387453	1.60144	1.31138	2.27563	-0.712828	-0.175259	
-0.733344	-0.387172	1.60127	1.31107	2.27554	-0.712675	-0.175268	
-0.732955	-0.386891	1.60109	1.31075	2.27546	-0.712515	-0.175278	
-0.732566	-0.38661	1.60092	1.31044	2.27537	-0.712356	-0.175289	
-0.732176	-0.386329	1.60075	1.31012	2.27528	-0.712197	-0.175301	
-0.731786	-0.386048	1.60058	1.3098	2.2752	-0.71204	-0.175313	
-0.731395	-0.385766	1.6004	1.30949	2.27511	-0.711883	-0.175326	
-0.731008	-0.385487	1.60023	1.30917	2.27503	-0.711726	-0.17533	
-0.730615	-0.385205	1.60006	1.30886	2.27494	-0.711571	-0.175344	
-0.730223	-0.384925	1.59988	1.30854	2.27485	-0.711412	-0.175359	
-0.729836	-0.384645	1.59971	1.30823	2.27477	-0.71125	-0.175366	
-0.729448	-0.384362	1.59953	1.30791	2.27468	-0.711093	-0.175373	
-0.729054	-0.384081	1.59936	1.30759	2.27459	-0.710938	-0.17539	
-0.728665	-0.383805	1.59919	1.30728	2.27451	-0.710776	-0.1754	
-0.728276	-0.383524	1.59901	1.30696	2.27442	-0.710618	-0.175409	
-0.727886	-0.383242	1.59884	1.30665	2.27434	-0.71046	-0.175419	
-0.727494	-0.382963	1.59866	1.30634	2.27425	-0.710307	-0.17543	
-0.727103	-0.382681	1.59849	1.30602	2.27416	-0.710151	-0.175441	
-0.726713	-0.382399	1.59832	1.3057	2.27408	-0.709987	-0.175453	
-0.726325	-0.382124	1.59814	1.30539	2.27399	-0.709831	-0.175458	
-0.725934	-0.381842	1.59797	1.30507	2.27391	-0.70967	-0.175471	
-0.725545	-0.381561	1.59779	1.30476	2.27382	-0.709516	-0.175475	
-0.725152	-0.381281	1.59762	1.30444	2.27374	-0.70936	-0.17549	
-0.724763	-0.381	1.59744	1.30413	2.27365	-0.709201	-0.175496	
-0.72437	-0.380723	1.59727	1.30381	2.27356	-0.709038	-0.175514	
-0.723979	-0.380442	1.5971	1.3035	2.27348	-0.708888	-0.175521	
-0.723591	-0.38016	1.59692	1.30318	2.27339	-0.708723	-0.175529	
-0.7232	-0.379879	1.59675	1.30286	2.27331	-0.708567	-0.175538	
-0.722807	-0.379604	1.59658	1.30255	2.27322	-0.708415	-0.175548	
-0.722417	-0.379321	1.5964	1.30224	2.27314	-0.708253	-0.175559	
-0.722027	-0.379039	1.59623	1.30192	2.27305	-0.708092	-0.175569	
-0.721634	-0.378763	1.59606	1.30161	2.27297	-0.707935	-0.175582	
-0.721245	-0.378483	1.59588	1.30129	2.27288	-0.707783	-0.175584	
-0.720854	-0.3782	1.59571	1.30097	2.2728	-0.707616	-0.175598	
-0.72046	-0.377923	1.59554	1.30066	2.27271	-0.707462	-0.175612	
-0.720071	-0.377642	1.59536	1.30034	2.27263	-0.707305	-0.175617	
-0.719681	-0.37736	1.59518	1.30003	2.27254	-0.707148	-0.175622	
-0.719285	-0.377086	1.59501	1.29972	2.27245	-0.706993	-0.175639	
-0.718897	-0.376804	1.59484	1.2994	2.27237	-0.70683	-0.175646	
-0.718505	-0.376522	1.59466	1.29908	2.27229	-0.706677	-0.175652	
-0.718115	-0.376244	1.59449	1.29877	2.2722	-0.706516	-0.175662	
-0.717723	-0.375964	1.59432	1.29845	2.27212	-0.70636	-0.175671	
-0.717321	-0.3757	1.59413	1.29815	2.27202	-0.706212	-0.175696	
-0.716946	-0.375404	1.59396	1.29782	2.27194	-0.706041	-0.175696	
-0.716551	-0.375128	1.59379	1.29751	2.27185	-0.705887	-0.175708	
-0.716159	-0.374847	1.59362	1.29719	2.27176	-0.705728	-0.175719	
-0.715769	-0.37457	1.59344	1.29688	2.27168	-0.705571	-0.175723	
-0.715376	-0.374288	1.59327	1.29656	2.27159	-0.705414	-0.175735	
-0.714988	-0.374003	1.59308	1.29624	2.2715	-0.705251	-0.175751	
-0.714598	-0.373728	1.59291	1.29593	2.27141	-0.705099	-0.175759	
-0.71421	-0.373443	1.59273	1.2956	2.27132	-0.704937	-0.175776	
-0.713823	-0.37317	1.59255	1.2953	2.27124	-0.704787	-0.175776	
-0.713428	-0.372892	1.59238	1.29498	2.27115	-0.704625	-0.175793	
-0.713037	-0.37261	1.5922	1.29466	2.27105	-0.704461	-0.175814	
-0.712649	-0.372335	1.59202	1.29436	2.27097	-0.704315	-0.175814	
-0.712258	-0.372051	1.59185	1.29404	2.27089	-0.704153	-0.175823	
-0.711865	-0.371775	1.59168	1.29372	2.2708	-0.703994	-0.175833	
-0.711472	-0.371493	1.5915	1.29341	2.27072	-0.703838	-0.175843	
-0.711084	-0.371215	1.59132	1.29309	2.27064	-0.703677	-0.175845	
-0.710689	-0.370934	1.59115	1.29278	2.27055	-0.703523	-0.175856	
-0.710294	-0.370658	1.59098	1.29247	2.27046	-0.703365	-0.175869	
-0.709904	-0.37038	1.5908	1.29215	2.27038	-0.703207	-0.175872	
-0.709509	-0.370098	1.59063	1.29183	2.2703	-0.703048	-0.175885	
-0.709119	-0.369821	1.59045	1.29152	2.27021	-0.702888	-0.175891	
-0.708727	-0.369543	1.59028	1.2912	2.27013	-0.702733	-0.175896	
-0.708331	-0.369262	1.59011	1.29089	2.27004	-0.702573	-0.175911	
-0.707938	-0.368985	1.58993	1.29058	2.26996	-0.702416	-0.175918	
-0.707546	-0.368706	1.58976	1.29026	2.26987	-0.702257	-0.175926	
-0.707155	-0.368424	1.58958	1.28994	2.26979	-0.702095	-0.175933	
-0.706761	-0.368147	1.58941	1.28963	2.26971	-0.701942	-0.175942	
-0.706367	-0.367869	1.58924	1.28931	2.26962	-0.701781	-0.175952	
-0.705972	-0.367589	1.58906	1.289	2.26954	-0.701626	-0.175961	
-0.705582	-0.367311	1.58889	1.28869	2.26946	-0.701471	-0.175962	
-0.705189	-0.367033	1.58871	1.28837	2.26937	-0.701307	-0.175974	
-0.704794	-0.366757	1.58854	1.28806	2.26929	-0.701146	-0.175986	
-0.704402	-0.366473	1.58836	1.28774	2.2692	-0.700995	-0.175987	
-0.704008	-0.366197	1.58819	1.28743	2.26912	-0.700829	-0.176001	
-0.703615	-0.36592	1.58801	1.28711	2.26904	-0.700675	-0.176006	
-0.703219	-0.365641	1.58785	1.2868	2.26895	-0.700515	-0.17602	
-0.702827	-0.365363	1.58767	1.28648	2.26887	-0.700356	-0.176026	
-0.702435	-0.365081	1.58749	1.28616	2.26879	-0.700199	-0.176031	
-0.702041	-0.364803	1.58732	1.28585	2.2687	-0.700041	-0.176037	
-0.701646	-0.364528	1.58714	1.28554	2.26862	-0.699889	-0.176045	
-0.701254	-0.364249	1.58697	1.28522	2.26854	-0.699725	-0.176053	
-0.700859	-0.363971	1.5868	1.28491	2.26845	-0.699571	-0.176061	
-0.700463	-0.363695	1.58662	1.2846	2.26837	-0.699414	-0.176071	
-0.700069	-0.363416	1.58645	1.28428	2.26828	-0.699254	-0.17608	
-0.699675	-0.363134	1.58627	1.28396	2.2682	-0.699092	-0.17609	
-0.699283	-0.362855	1.5861	1.28365	2.26812	-0.698937	-0.176091	
-0.698887	-0.362578	1.58593	1.28333	2.26803	-0.698777	-0.176103	
-0.698495	-0.3623	1.58575	1.28302	2.26795	-0.69862	-0.176106	
-0.698099	-0.362023	1.58558	1.28271	2.26787	-0.698461	-0.176119	
-0.697707	-0.361745	1.5854	1.28239	2.26778	-0.698299	-0.176123	
-0.697306	-0.361492	1.58522	1.28211	2.26768	-0.698159	-0.176141	
-0.69692	-0.36119	1.58505	1.28176	2.26761	-0.697989	-0.176146	
-0.696527	-0.360912	1.58487	1.28145	2.26752	-0.69783	-0.176152	
-0.696133	-0.360633	1.5847	1.28113	2.26744	-0.697672	-0.176158	
-0.695739	-0.360356	1.58452	1.28082	2.26736	-0.697511	-0.176165	
-0.695344	-0.360077	1.58435	1.2805	2.26728	-0.697356	-0.176172	
-0.694949	-0.3598	1.58417	1.28019	2.26719	-0.697197	-0.176181	
-0.694553	-0.359522	1.584	1.27987	2.26711	-0.697041	-0.176189	
-0.694157	-0.359245	1.58383	1.27956	2.26703	-0.696884	-0.176198	
-0.693766	-0.358967	1.58365	1.27925	2.26695	-0.696724	-0.176199	
-0.69337	-0.358689	1.58347	1.27893	2.26686	-0.696562	-0.176209	
-0.692974	-0.35841	1.5833	1.27862	2.26678	-0.696402	-0.176221	
-0.692581	-0.358132	1.58313	1.2783	2.2667	-0.696245	-0.176222	
-0.692184	-0.357853	1.58296	1.27798	2.26661	-0.696087	-0.176234	
-0.691788	-0.357576	1.58278	1.27767	2.26653	-0.695936	-0.176237	
-0.691396	-0.357302	1.5826	1.27736	2.26645	-0.695774	-0.176242	
-0.690997	-0.357025	1.58243	1.27705	2.26636	-0.695615	-0.176256	
-0.690603	-0.356745	1.58226	1.27673	2.26628	-0.695456	-0.176261	
-0.690209	-0.356467	1.58208	1.27641	2.2662	-0.695294	-0.176266	
-0.689813	-0.35619	1.58191	1.2761	2.26612	-0.695141	-0.176272	
-0.689418	-0.355912	1.58173	1.27579	2.26603	-0.694982	-0.176279	
-0.689022	-0.355638	1.58156	1.27547	2.26595	-0.694823	-0.176287	
-0.688626	-0.35536	1.58138	1.27516	2.26587	-0.694665	-0.176294	
-0.688231	-0.355081	1.58121	1.27484	2.26579	-0.694501	-0.176303	
-0.687833	-0.354802	1.58104	1.27453	2.2657	-0.694347	-0.176311	
-0.68744	-0.354526	1.58086	1.27421	2.26562	-0.694192	-0.176311	
-0.687043	-0.354251	1.58069	1.2739	2.26554	-0.69403	-0.176322	
-0.686648	-0.353973	1.58051	1.27359	2.26546	-0.693877	-0.176323	
-0.686252	-0.353694	1.58034	1.27327	2.26538	-0.693712	-0.176334	
-0.685858	-0.353416	1.58016	1.27296	2.2653	-0.693554	-0.176336	
-0.685458	-0.353143	1.57999	1.27264	2.26521	-0.6934	-0.176349	
-0.685065	-0.352864	1.57981	1.27233	2.26513	-0.693237	-0.176352	
-0.684669	-0.352586	1.57964	1.27201	2.26505	-0.693082	-0.176356	
-0.684269	-0.352312	1.57947	1.2717	2.26496	-0.692925	-0.176371	
-0.683874	-0.352034	1.57929	1.27139	2.26488	-0.692764	-0.176375	
-0.683478	-0.351755	1.57912	1.27107	2.2648	-0.692605	-0.176381	
-0.683082	-0.35148	1.57894	1.27076	2.26472	-0.692447	-0.176387	
-0.682686	-0.351203	1.57877	1.27044	2.26464	-0.692286	-0.176394	
-0.682288	-0.350923	1.5786	1.27013	2.26455	-0.692131	-0.176401	
-0.681895	-0.35065	1.57842	1.26982	2.26447	-0.691973	-0.176399	
-0.681498	-0.35037	1.57824	1.2695	2.26439	-0.691812	-0.176407	
-0.6811	-0.350092	1.57807	1.26918	2.26431	-0.691656	-0.176416	
-0.680703	-0.349818	1.5779	1.26887	2.26423	-0.691492	-0.176426	
-0.680307	-0.34954	1.57772	1.26856	2.26415	-0.691341	-0.176426	
-0.679909	-0.349266	1.57755	1.26824	2.26406	-0.69118	-0.176437	
-0.679514	-0.348987	1.57737	1.26793	2.26398	-0.691023	-0.176438	
-0.679116	-0.348712	1.5772	1.26761	2.2639	-0.690856	-0.176451	
-0.67872	-0.348433	1.57702	1.2673	2.26382	-0.690702	-0.176453	
-0.678324	-0.34816	1.57685	1.26699	2.26374	-0.690544	-0.176456	
-0.677928	-0.34788	1.57667	1.26667	2.26366	-0.690384	-0.176459	
-0.677527	-0.347607	1.5765	1.26636	2.26357	-0.690226	-0.176474	
-0.677131	-0.347327	1.57633	1.26604	2.26349	-0.690068	-0.176478	
-0.676734	-0.347053	1.57615	1.26573	2.26341	-0.689907	-0.176484	
-0.676337	-0.34677	1.57597	1.2654	2.26332	-0.689754	-0.176499	
-0.675944	-0.346501	1.57579	1.2651	2.26324	-0.689599	-0.1765	
-0.675548	-0.346222	1.57562	1.26479	2.26316	-0.689434	-0.176507	
-0.675152	-0.345947	1.57544	1.26447	2.26308	-0.689281	-0.176505	
-0.674755	-0.345668	1.57526	1.26416	2.263	-0.689118	-0.176512	
-0.674355	-0.345393	1.57509	1.26384	2.26291	-0.688964	-0.176521	
-0.673961	-0.345115	1.57491	1.26352	2.26282	-0.688809	-0.176531	
-0.673568	-0.34484	1.57473	1.26321	2.26274	-0.688645	-0.176535	
-0.673168	-0.344564	1.57456	1.2629	2.26266	-0.688487	-0.176545	
-0.672773	-0.344286	1.57438	1.26259	2.26258	-0.688329	-0.176545	
-0.672376	-0.344012	1.57421	1.26227	2.2625	-0.688172	-0.176547	
-0.671977	-0.343736	1.57404	1.26196	2.26242	-0.688009	-0.176559	
-0.671579	-0.343457	1.57386	1.26164	2.26234	-0.687855	-0.17656	
-0.671181	-0.343183	1.57369	1.26133	2.26225	-0.687701	-0.176563	
-0.670781	-0.342908	1.57351	1.26102	2.26217	-0.687537	-0.176577	
-0.670383	-0.342629	1.57334	1.2607	2.26209	-0.687379	-0.17658	
-0.669986	-0.34235	1.57316	1.26038	2.262	-0.687217	-0.176597	
-0.669594	-0.34208	1.57298	1.26008	2.26192	-0.687061	-0.176596	
-0.669195	-0.341805	1.57281	1.25976	2.26184	-0.686905	-0.176601	
-0.668796	-0.341527	1.57263	1.25945	2.26176	-0.686747	-0.176606	
-0.668401	-0.341251	1.57245	1.25913	2.26168	-0.686588	-0.176603	
-0.668001	-0.340977	1.57228	1.25882	2.2616	-0.686431	-0.176611	
-0.667602	-0.340701	1.57211	1.2585	2.26152	-0.686273	-0.176618	
-0.667203	-0.340427	1.57193	1.25819	2.26144	-0.686111	-0.176627	
-0.666807	-0.340147	1.57175	1.25787	2.26136	-0.685953	-0.176625	
-0.666407	-0.339873	1.57158	1.25756	2.26128	-0.685794	-0.176634	
-0.66601	-0.339598	1.5714	1.25725	2.2612	-0.685638	-0.176633	
-0.665608	-0.339323	1.57123	1.25693	2.26111	-0.685481	-0.176644	
-0.665212	-0.339047	1.57106	1.25662	2.26103	-0.68532	-0.176645	
-0.66481	-0.338774	1.57088	1.25631	2.26095	-0.68516	-0.176656	
-0.664413	-0.338494	1.57071	1.25599	2.26087	-0.685003	-0.176657	
-0.664013	-0.33822	1.57053	1.25568	2.26079	-0.684848	-0.176659	
-0.663617	-0.337943	1.57035	1.25536	2.26071	-0.684684	-0.176662	
-0.663218	-0.337664	1.57018	1.25504	2.26062	-0.684531	-0.176676	
-0.662823	-0.337394	1.57	1.25474	2.26054	-0.684376	-0.176674	
-0.662425	-0.337117	1.56982	1.25442	2.26046	-0.684215	-0.176678	
-0.662027	-0.336842	1.56965	1.25411	2.26038	-0.684051	-0.176683	
-0.661627	-0.336568	1.56947	1.2538	2.2603	-0.683896	-0.176688	
-0.661227	-0.336292	1.5693	1.25348	2.26022	-0.683735	-0.176694	
-0.660828	-0.336017	1.56912	1.25317	2.26014	-0.683575	-0.1767	
-0.660426	-0.335743	1.56895	1.25286	2.26006	-0.683419	-0.176707	
-0.660029	-0.335467	1.56877	1.25254	2.25998	-0.683264	-0.176704	
-0.65963	-0.335188	1.56859	1.25221	2.25989	-0.683095	-0.176725	
-0.659235	-0.334917	1.56842	1.25191	2.25981	-0.682941	-0.176725	
-0.658836	-0.334642	1.56824	1.2516	2.25973	-0.682786	-0.176724	
-0.658435	-0.334366	1.56807	1.25128	2.25965	-0.682625	-0.176733	
-0.658036	-0.334091	1.56789	1.25097	2.25957	-0.682471	-0.176732	
-0.657635	-0.333816	1.56772	1.25066	2.25949	-0.682308	-0.176742	
-0.657236	-0.333541	1.56754	1.25034	2.25941	-0.682149	-0.176743	
-0.656837	-0.333265	1.56736	1.25003	2.25933	-0.681991	-0.176744	
-0.656438	-0.33299	1.56719	1.24972	2.25926	-0.681835	-0.176745	
-0.656034	-0.332719	1.56702	1.2494	2.25917	-0.681675	-0.176758	
-0.655636	-0.332443	1.56684	1.24909	2.25909	-0.681513	-0.176761	
-0.655235	-0.332168	1.56666	1.24878	2.25902	-0.681356	-0.176764	
-0.654836	-0.331892	1.56649	1.24846	2.25894	-0.681196	-0.176767	
-0.654435	-0.331618	1.56632	1.24815	2.25886	-0.681041	-0.176771	
-0.654034	-0.331341	1.56614	1.24783	2.25878	-0.680883	-0.176775	
-0.653633	-0.331066	1.56597	1.24752	2.2587	-0.680723	-0.17678	
-0.653233	-0.330792	1.56579	1.2472	2.2586	-0.680558	-0.176799	
-0.652841	-0.330519	1.5656	1.2469	2.25853	-0.680409	-0.176787	
-0.652439	-0.330244	1.56543	1.24658	2.25845	-0.680252	-0.176792	
-0.652038	-0.329968	1.56526	1.24627	2.25837	-0.680088	-0.176799	
-0.651638	-0.329697	1.56508	1.24596	2.25829	-0.679935	-0.176797	
-0.651237	-0.329421	1.56491	1.24564	2.25821	-0.679774	-0.176804	
-0.650838	-0.329145	1.56473	1.24532	2.25813	-0.679616	-0.176802	
-0.650434	-0.32887	1.56456	1.24501	2.25805	-0.679461	-0.176811	
-0.650036	-0.328598	1.56438	1.2447	2.25798	-0.679296	-0.17681	
-0.649633	-0.328323	1.56421	1.24439	2.2579	-0.679136	-0.17682	
-0.649232	-0.328046	1.56403	1.24407	2.25782	-0.678982	-0.176819	
-0.648834	-0.327775	1.56385	1.24376	2.25774	-0.678818	-0.17682	
-0.648429	-0.327501	1.56368	1.24345	2.25766	-0.67866	-0.176831	
-0.648027	-0.327225	1.56351	1.24313	2.25758	-0.678507	-0.176832	
-0.647627	-0.326953	1.56333	1.24282	2.2575	-0.678345	-0.176834	
-0.647227	-0.326678	1.56316	1.24251	2.25742	-0.678187	-0.176836	
-0.646825	-0.326406	1.56298	1.24219	2.25734	-0.678027	-0.17684	
-0.646424	-0.32613	1.56281	1.24188	2.25726	-0.67787	-0.176842	
-0.646023	-0.325853	1.56263	1.24156	2.25719	-0.677707	-0.176845	
-0.645621	-0.325583	1.56245	1.24125	2.25711	-0.677547	-0.17685	
-0.645218	-0.325306	1.56228	1.24094	2.25703	-0.677394	-0.176854	
-0.644817	-0.325035	1.56211	1.24063	2.25695	-0.677229	-0.176859	
-0.644418	-0.324758	1.56193	1.24031	2.25687	-0.677072	-0.176854	
-0.644014	-0.324487	1.56176	1.24	2.25679	-0.676917	-0.17686	
-0.643612	-0.324212	1.56158	1.23969	2.25672	-0.676756	-0.176866	
-0.643212	-0.32394	1.5614	1.23937	2.25664	-0.676598	-0.176863	
-0.642808	-0.323664	1.56123	1.23906	2.25656	-0.676439	-0.17687	
-0.642407	-0.323392	1.56105	1.23875	2.25648	-0.676284	-0.176868	
-0.642005	-0.323116	1.56088	1.23843	2.2564	-0.67612	-0.176875	
-0.641605	-0.322843	1.5607	1.23812	2.25633	-0.675959	-0.176874	
-0.6412	-0.322569	1.56053	1.23781	2.25625	-0.6758	-0.176882	
-0.6408	-0.322296	1.56035	1.23749	2.25617	-0.675641	-0.176882	
-0.640398	-0.322023	1.56018	1.23718	2.25609	-0.675483	-0.176882	
-0.639992	-0.321748	1.56001	1.23687	2.25601	-0.675328	-0.176892	
-0.63959	-0.321477	1.55983	1.23656	2.25593	-0.675168	-0.176892	
-0.63919	-0.321199	1.55965	1.23624	2.25586	-0.675007	-0.176893	
-0.638787	-0.320928	1.55948	1.23593	2.25578	-0.67485	-0.176894	
-0.638384	-0.320656	1.5593	1.23561	2.2557	-0.674693	-0.176897	
