0.226436	0.148819	0.167892	1.93765	-1.22722	-2.63376	
0.226386	0.148808	0.167693	1.93592	-1.22771	-2.63216	
0.226336	0.148798	0.167495	1.93419	-1.2282	-2.63055	
0.226286	0.148788	0.167296	1.93246	-1.22869	-2.62893	
0.226236	0.148778	0.167098	1.93072	-1.22918	-2.62731	
0.226186	0.148768	0.1669	1.92898	-1.22967	-2.62569	
0.226135	0.148758	0.166701	1.92723	-1.23016	-2.62406	
0.226085	0.148747	0.166503	1.92548	-1.23065	-2.62242	
0.226034	0.148737	0.166305	1.92372	-1.23114	-2.62078	
0.225983	0.148727	0.166107	1.92196	-1.23162	-2.61914	
0.225932	0.148717	0.165908	1.92019	-1.23211	-2.61749	
0.225881	0.148707	0.16571	1.91842	-1.23259	-2.61583	
0.22583	0.148697	0.165512	1.91664	-1.23307	-2.61418	
0.225778	0.148687	0.165313	1.91486	-1.23355	-2.61251	
0.225726	0.148678	0.165115	1.91307	-1.23403	-2.61084	
0.225675	0.148668	0.164917	1.91128	-1.23451	-2.60917	
0.225623	0.148658	0.164719	1.90948	-1.23499	-2.60749	
0.22557	0.148648	0.164521	1.90768	-1.23547	-2.60581	
0.225518	0.148638	0.164322	1.90587	-1.23594	-2.60412	
0.225466	0.148628	0.164124	1.90406	-1.23642	-2.60243	
0.225413	0.148619	0.163926	1.90225	-1.23689	-2.60073	
0.225361	0.148609	0.163728	1.90042	-1.23736	-2.59903	
0.225308	0.148599	0.16353	1.8986	-1.23784	-2.59732	
0.225255	0.14859	0.163332	1.89677	-1.23831	-2.59561	
0.225201	0.14858	0.163134	1.89493	-1.23878	-2.59389	
0.225148	0.14857	0.162936	1.89309	-1.23924	-2.59217	
0.225095	0.148561	0.162737	1.89124	-1.23971	-2.59044	
0.225041	0.148551	0.162539	1.88939	-1.24018	-2.58871	
0.224987	0.148542	0.162341	1.88753	-1.24064	-2.58698	
0.224933	0.148532	0.162143	1.88567	-1.24111	-2.58523	
0.224879	0.148523	0.161945	1.8838	-1.24157	-2.58349	
0.224825	0.148513	0.161747	1.88193	-1.24203	-2.58174	
0.224771	0.148504	0.161549	1.88005	-1.24249	-2.57998	
0.224716	0.148494	0.161351	1.87817	-1.24295	-2.57822	
0.224661	0.148485	0.161153	1.87629	-1.24341	-2.57645	
0.224606	0.148476	0.160956	1.87439	-1.24387	-2.57468	
0.224551	0.148466	0.160758	1.8725	-1.24433	-2.5729	
0.224496	0.148457	0.16056	1.87059	-1.24478	-2.57112	
0.224441	0.148448	0.160362	1.86868	-1.24523	-2.56933	
0.224386	0.148439	0.160164	1.86677	-1.24569	-2.56754	
0.22433	0.148429	0.159966	1.86485	-1.24614	-2.56575	
0.224274	0.14842	0.159768	1.86293	-1.24659	-2.56394	
0.224218	0.148411	0.15957	1.861	-1.24704	-2.56214	
0.224162	0.148402	0.159373	1.85907	-1.24749	-2.56033	
0.224106	0.148393	0.159175	1.85713	-1.24793	-2.55851	
0.22405	0.148384	0.158977	1.85519	-1.24838	-2.55669	
0.223993	0.148375	0.158779	1.85324	-1.24882	-2.55486	
0.223937	0.148366	0.158582	1.85128	-1.24927	-2.55303	
0.22388	0.148357	0.158384	1.84932	-1.24971	-2.55119	
0.223823	0.148348	0.158186	1.84736	-1.25015	-2.54935	
0.223766	0.148339	0.157988	1.84539	-1.25059	-2.5475	
0.223708	0.14833	0.157791	1.84341	-1.25103	-2.54565	
0.223651	0.148321	0.157593	1.84143	-1.25147	-2.54379	
0.223593	0.148312	0.157395	1.83945	-1.2519	-2.54192	
0.223536	0.148303	0.157198	1.83746	-1.25234	-2.54006	
0.223478	0.148295	0.157	1.83546	-1.25277	-2.53818	
0.22342	0.148286	0.156803	1.83346	-1.25321	-2.5363	
0.223362	0.148277	0.156605	1.83145	-1.25364	-2.53442	
0.223303	0.148268	0.156407	1.82944	-1.25407	-2.53253	
0.223245	0.14826	0.15621	1.82742	-1.2545	-2.53064	
0.223186	0.148251	0.156012	1.8254	-1.25492	-2.52874	
0.223127	0.148242	0.155815	1.82337	-1.25535	-2.52683	
0.223068	0.148234	0.155617	1.82134	-1.25578	-2.52492	
0.223009	0.148225	0.15542	1.8193	-1.2562	-2.52301	
0.22295	0.148217	0.155223	1.81726	-1.25662	-2.52109	
0.222891	0.148208	0.155025	1.81521	-1.25704	-2.51916	
0.222831	0.1482	0.154828	1.81315	-1.25746	-2.51723	
0.222771	0.148191	0.15463	1.81109	-1.25788	-2.5153	
0.222711	0.148183	0.154433	1.80903	-1.2583	-2.51335	
0.222651	0.148174	0.154236	1.80696	-1.25872	-2.51141	
0.222591	0.148166	0.154038	1.80488	-1.25913	-2.50946	
0.222531	0.148158	0.153841	1.8028	-1.25955	-2.5075	
0.222471	0.148149	0.153644	1.80072	-1.25996	-2.50554	
0.22241	0.148141	0.153447	1.79862	-1.26037	-2.50357	
0.222349	0.148133	0.153249	1.79653	-1.26078	-2.5016	
0.222288	0.148125	0.153052	1.79443	-1.26119	-2.49962	
0.222227	0.148116	0.152855	1.79232	-1.26159	-2.49764	
0.222166	0.148108	0.152658	1.7902	-1.262	-2.49565	
0.222105	0.1481	0.152461	1.78809	-1.2624	-2.49366	
0.222043	0.148092	0.152263	1.78596	-1.26281	-2.49166	
0.221982	0.148084	0.152066	1.78383	-1.26321	-2.48965	
0.22192	0.148076	0.151869	1.7817	-1.26361	-2.48764	
0.221858	0.148068	0.151672	1.77956	-1.26401	-2.48563	
0.221796	0.14806	0.151475	1.77741	-1.26441	-2.48361	
0.221733	0.148052	0.151278	1.77526	-1.2648	-2.48158	
0.221671	0.148044	0.151081	1.77311	-1.2652	-2.47955	
0.221608	0.148036	0.150884	1.77094	-1.26559	-2.47752	
0.221546	0.148028	0.150687	1.76878	-1.26598	-2.47548	
0.221483	0.14802	0.15049	1.76661	-1.26638	-2.47343	
0.22142	0.148012	0.150293	1.76443	-1.26676	-2.47138	
0.221357	0.148004	0.150096	1.76224	-1.26715	-2.46932	
0.221293	0.147996	0.149899	1.76006	-1.26754	-2.46726	
0.22123	0.147989	0.149702	1.75786	-1.26792	-2.46519	
0.221166	0.147981	0.149506	1.75566	-1.26831	-2.46312	
0.221102	0.147973	0.149309	1.75346	-1.26869	-2.46104	
0.221038	0.147966	0.149112	1.75125	-1.26907	-2.45896	
0.220974	0.147958	0.148915	1.74903	-1.26945	-2.45687	
0.22091	0.14795	0.148719	1.74681	-1.26983	-2.45477	
0.220846	0.147943	0.148522	1.74459	-1.27021	-2.45268	
0.220781	0.147935	0.148325	1.74236	-1.27058	-2.45057	
0.220716	0.147928	0.148128	1.74012	-1.27096	-2.44846	
0.220652	0.14792	0.147932	1.73788	-1.27133	-2.44635	
0.220587	0.147912	0.147735	1.73563	-1.2717	-2.44423	
0.220522	0.147905	0.147539	1.73338	-1.27207	-2.4421	
0.220456	0.147898	0.147342	1.73112	-1.27244	-2.43997	
0.220391	0.14789	0.147145	1.72885	-1.2728	-2.43783	
0.220325	0.147883	0.146949	1.72658	-1.27317	-2.43569	
0.220259	0.147875	0.146752	1.72431	-1.27353	-2.43354	
0.220194	0.147868	0.146556	1.72203	-1.27389	-2.43139	
0.220127	0.147861	0.146359	1.71974	-1.27425	-2.42923	
0.220061	0.147854	0.146163	1.71745	-1.27461	-2.42707	
0.219995	0.147846	0.145967	1.71516	-1.27497	-2.4249	
0.219928	0.147839	0.14577	1.71286	-1.27533	-2.42273	
0.219862	0.147832	0.145574	1.71055	-1.27568	-2.42055	
0.219795	0.147825	0.145377	1.70824	-1.27604	-2.41837	
0.219728	0.147818	0.145181	1.70592	-1.27639	-2.41618	
0.219661	0.147811	0.144985	1.7036	-1.27674	-2.41399	
0.219594	0.147803	0.144789	1.70127	-1.27709	-2.41179	
0.219526	0.147796	0.144592	1.69894	-1.27743	-2.40958	
0.219459	0.147789	0.144396	1.6966	-1.27778	-2.40737	
0.219391	0.147782	0.1442	1.69425	-1.27812	-2.40516	
0.219323	0.147775	0.144004	1.69191	-1.27846	-2.40294	
0.219255	0.147769	0.143808	1.68955	-1.2788	-2.40071	
0.219187	0.147762	0.143612	1.68719	-1.27914	-2.39848	
0.219119	0.147755	0.143415	1.68483	-1.27948	-2.39625	
0.21905	0.147748	0.143219	1.68245	-1.27982	-2.394	
0.218982	0.147741	0.143023	1.68008	-1.28015	-2.39176	
0.218913	0.147734	0.142827	1.6777	-1.28049	-2.38951	
0.218844	0.147727	0.142631	1.67531	-1.28082	-2.38725	
0.218775	0.147721	0.142435	1.67292	-1.28115	-2.38499	
0.218706	0.147714	0.14224	1.67052	-1.28147	-2.38272	
0.218636	0.147707	0.142044	1.66812	-1.2818	-2.38045	
0.218567	0.147701	0.141848	1.66571	-1.28213	-2.37817	
0.218497	0.147694	0.141652	1.6633	-1.28245	-2.37589	
0.218427	0.147688	0.141456	1.66088	-1.28277	-2.3736	
0.218357	0.147681	0.14126	1.65846	-1.28309	-2.37131	
0.218287	0.147674	0.141065	1.65603	-1.28341	-2.36901	
0.218217	0.147668	0.140869	1.6536	-1.28373	-2.36671	
0.218147	0.147661	0.140673	1.65116	-1.28404	-2.3644	
0.218076	0.147655	0.140477	1.64872	-1.28435	-2.36209	
0.218005	0.147649	0.140282	1.64627	-1.28467	-2.35977	
0.217935	0.147642	0.140086	1.64382	-1.28498	-2.35745	
0.217864	0.147636	0.139891	1.64136	-1.28529	-2.35512	
0.217792	0.147629	0.139695	1.63889	-1.28559	-2.35279	
0.217721	0.147623	0.1395	1.63642	-1.2859	-2.35045	
0.21765	0.147617	0.139304	1.63395	-1.2862	-2.34811	
0.217578	0.147611	0.139109	1.63147	-1.2865	-2.34576	
0.217506	0.147604	0.138913	1.62898	-1.2868	-2.34341	
0.217434	0.147598	0.138718	1.6265	-1.2871	-2.34105	
0.217362	0.147592	0.138522	1.624	-1.2874	-2.33869	
0.21729	0.147586	0.138327	1.6215	-1.28769	-2.33632	
0.217218	0.14758	0.138132	1.619	-1.28799	-2.33395	
0.217145	0.147574	0.137936	1.61649	-1.28828	-2.33157	
0.217072	0.147568	0.137741	1.61397	-1.28857	-2.32919	
0.217	0.147562	0.137546	1.61145	-1.28886	-2.3268	
0.216927	0.147556	0.137351	1.60893	-1.28914	-2.32441	
0.216854	0.14755	0.137155	1.6064	-1.28943	-2.32201	
0.21678	0.147544	0.13696	1.60387	-1.28971	-2.31961	
0.216707	0.147538	0.136765	1.60133	-1.28999	-2.31721	
0.216633	0.147532	0.13657	1.59878	-1.29027	-2.31479	
0.21656	0.147526	0.136375	1.59623	-1.29055	-2.31238	
0.216486	0.14752	0.13618	1.59368	-1.29082	-2.30996	
0.216412	0.147514	0.135985	1.59112	-1.2911	-2.30753	
0.216338	0.147509	0.13579	1.58856	-1.29137	-2.3051	
0.216263	0.147503	0.135595	1.58599	-1.29164	-2.30267	
0.216189	0.147497	0.1354	1.58342	-1.29191	-2.30023	
0.216114	0.147491	0.135205	1.58084	-1.29218	-2.29778	
0.216039	0.147486	0.13501	1.57826	-1.29244	-2.29533	
0.215965	0.14748	0.134816	1.57567	-1.29271	-2.29288	
0.215889	0.147475	0.134621	1.57308	-1.29297	-2.29042	
0.215814	0.147469	0.134426	1.57048	-1.29323	-2.28796	
0.215739	0.147463	0.134231	1.56788	-1.29349	-2.28549	
0.215663	0.147458	0.134037	1.56527	-1.29374	-2.28302	
0.215588	0.147452	0.133842	1.56266	-1.294	-2.28055	
0.215512	0.147447	0.133647	1.56005	-1.29425	-2.27806	
0.215436	0.147442	0.133453	1.55743	-1.2945	-2.27558	
0.21536	0.147436	0.133258	1.5548	-1.29475	-2.27309	
0.215284	0.147431	0.133064	1.55217	-1.295	-2.2706	
0.215207	0.147425	0.132869	1.54954	-1.29524	-2.2681	
0.215131	0.14742	0.132675	1.5469	-1.29549	-2.26559	
0.215054	0.147415	0.13248	1.54426	-1.29573	-2.26309	
0.214977	0.14741	0.132286	1.54161	-1.29597	-2.26057	
0.2149	0.147404	0.132092	1.53896	-1.29621	-2.25806	
0.214823	0.147399	0.131897	1.53631	-1.29644	-2.25554	
0.214746	0.147394	0.131703	1.53365	-1.29668	-2.25301	
0.214668	0.147389	0.131509	1.53098	-1.29691	-2.25049	
0.214591	0.147384	0.131314	1.52831	-1.29714	-2.24795	
0.214513	0.147379	0.13112	1.52564	-1.29737	-2.24541	
0.214435	0.147374	0.130926	1.52296	-1.29759	-2.24287	
0.214357	0.147369	0.130732	1.52028	-1.29782	-2.24033	
0.214279	0.147364	0.130538	1.51759	-1.29804	-2.23778	
0.2142	0.147359	0.130344	1.5149	-1.29826	-2.23522	
0.214122	0.147354	0.13015	1.51221	-1.29848	-2.23267	
0.214043	0.147349	0.129956	1.50951	-1.2987	-2.2301	
0.213964	0.147344	0.129762	1.50681	-1.29892	-2.22754	
0.213885	0.147339	0.129568	1.5041	-1.29913	-2.22497	
0.213806	0.147334	0.129374	1.50139	-1.29934	-2.2224	
0.213727	0.147329	0.12918	1.49868	-1.29955	-2.21982	
0.213648	0.147325	0.128986	1.49596	-1.29976	-2.21724	
0.213568	0.14732	0.128793	1.49324	-1.29996	-2.21465	
0.213488	0.147315	0.128599	1.49051	-1.30017	-2.21206	
0.213409	0.147311	0.128405	1.48778	-1.30037	-2.20947	
0.213329	0.147306	0.128211	1.48505	-1.30057	-2.20687	
0.213248	0.147301	0.128018	1.48231	-1.30077	-2.20427	
0.213168	0.147297	0.127824	1.47957	-1.30096	-2.20167	
0.213088	0.147292	0.127631	1.47682	-1.30116	-2.19906	
0.213007	0.147288	0.127437	1.47407	-1.30135	-2.19645	
0.212926	0.147283	0.127244	1.47132	-1.30154	-2.19383	
0.212846	0.147279	0.12705	1.46856	-1.30173	-2.19121	
0.212765	0.147274	0.126857	1.4658	-1.30191	-2.18859	
0.212683	0.14727	0.126663	1.46304	-1.3021	-2.18596	
0.212602	0.147265	0.12647	1.46027	-1.30228	-2.18333	
0.212521	0.147261	0.126277	1.4575	-1.30246	-2.1807	
0.212439	0.147257	0.126083	1.45472	-1.30264	-2.17806	
0.212357	0.147252	0.12589	1.45194	-1.30282	-2.17542	
0.212275	0.147248	0.125697	1.44916	-1.30299	-2.17278	
0.212193	0.147244	0.125504	1.44638	-1.30316	-2.17013	
0.212111	0.14724	0.125311	1.44359	-1.30333	-2.16748	
0.212029	0.147236	0.125118	1.4408	-1.3035	-2.16483	
0.211946	0.147231	0.124925	1.438	-1.30367	-2.16217	
0.211863	0.147227	0.124732	1.4352	-1.30383	-2.15951	
0.211781	0.147223	0.124539	1.4324	-1.30399	-2.15685	
0.211698	0.147219	0.124346	1.42959	-1.30415	-2.15419	
0.211614	0.147215	0.124153	1.42679	-1.30431	-2.15152	
0.211531	0.147211	0.12396	1.42397	-1.30447	-2.14885	
0.211448	0.147207	0.123767	1.42116	-1.30462	-2.14617	
0.211364	0.147203	0.123574	1.41834	-1.30477	-2.14349	
0.211281	0.147199	0.123382	1.41552	-1.30492	-2.14081	
0.211197	0.147195	0.123189	1.4127	-1.30507	-2.13813	
0.211113	0.147191	0.122996	1.40987	-1.30522	-2.13544	
0.211029	0.147188	0.122804	1.40704	-1.30536	-2.13275	
0.210944	0.147184	0.122611	1.40421	-1.3055	-2.13006	
0.21086	0.14718	0.122418	1.40137	-1.30564	-2.12736	
0.210775	0.147176	0.122226	1.39853	-1.30578	-2.12467	
0.210691	0.147173	0.122033	1.39569	-1.30592	-2.12197	
0.210606	0.147169	0.121841	1.39285	-1.30605	-2.11926	
0.210521	0.147165	0.121649	1.39	-1.30618	-2.11656	
0.210435	0.147162	0.121456	1.38715	-1.30631	-2.11385	
0.21035	0.147158	0.121264	1.3843	-1.30644	-2.11114	
0.210265	0.147154	0.121072	1.38145	-1.30657	-2.10843	
0.210179	0.147151	0.120879	1.37859	-1.30669	-2.10571	
0.210093	0.147147	0.120687	1.37573	-1.30681	-2.10299	
0.210007	0.147144	0.120495	1.37287	-1.30693	-2.10027	
0.209921	0.14714	0.120303	1.37001	-1.30705	-2.09755	
0.209835	0.147137	0.120111	1.36714	-1.30716	-2.09482	
0.209749	0.147134	0.119919	1.36427	-1.30728	-2.0921	
0.209662	0.14713	0.119727	1.3614	-1.30739	-2.08937	
0.209575	0.147127	0.119535	1.35853	-1.3075	-2.08664	
0.209489	0.147124	0.119343	1.35565	-1.3076	-2.0839	
0.209402	0.14712	0.119151	1.35277	-1.30771	-2.08117	
0.209315	0.147117	0.118959	1.34989	-1.30781	-2.07843	
0.209227	0.147114	0.118767	1.34701	-1.30791	-2.07569	
0.20914	0.147111	0.118576	1.34413	-1.30801	-2.07295	
0.209052	0.147108	0.118384	1.34124	-1.30811	-2.0702	
0.208965	0.147104	0.118192	1.33835	-1.3082	-2.06746	
0.208877	0.147101	0.118001	1.33546	-1.30829	-2.06471	
0.208789	0.147098	0.117809	1.33257	-1.30838	-2.06196	
0.208701	0.147095	0.117618	1.32968	-1.30847	-2.05921	
0.208612	0.147092	0.117426	1.32678	-1.30856	-2.05646	
0.208524	0.147089	0.117235	1.32388	-1.30864	-2.05371	
0.208435	0.147086	0.117043	1.32099	-1.30872	-2.05095	
0.208347	0.147083	0.116852	1.31809	-1.3088	-2.04819	
0.208258	0.14708	0.11666	1.31518	-1.30888	-2.04544	
0.208169	0.147078	0.116469	1.31228	-1.30895	-2.04268	
0.20808	0.147075	0.116278	1.30937	-1.30903	-2.03991	
0.20799	0.147072	0.116087	1.30647	-1.3091	-2.03715	
0.207901	0.147069	0.115896	1.30356	-1.30917	-2.03439	
0.207811	0.147066	0.115704	1.30065	-1.30923	-2.03162	
0.207722	0.147064	0.115513	1.29774	-1.3093	-2.02886	
0.207632	0.147061	0.115322	1.29483	-1.30936	-2.02609	
0.207542	0.147058	0.115131	1.29191	-1.30942	-2.02332	
0.207451	0.147056	0.11494	1.289	-1.30948	-2.02055	
0.207361	0.147053	0.11475	1.28609	-1.30954	-2.01778	
0.207271	0.147051	0.114559	1.28317	-1.30959	-2.01501	
0.20718	0.147048	0.114368	1.28025	-1.30964	-2.01223	
0.207089	0.147046	0.114177	1.27733	-1.30969	-2.00946	
0.206998	0.147043	0.113986	1.27441	-1.30974	-2.00669	
0.206907	0.147041	0.113796	1.27149	-1.30978	-2.00391	
0.206816	0.147038	0.113605	1.26857	-1.30983	-2.00113	
0.206725	0.147036	0.113415	1.26565	-1.30987	-1.99836	
0.206633	0.147033	0.113224	1.26272	-1.30991	-1.99558	
0.206541	0.147031	0.113034	1.2598	-1.30994	-1.9928	
0.20645	0.147029	0.112843	1.25688	-1.30998	-1.99002	
0.206358	0.147027	0.112653	1.25395	-1.31001	-1.98724	
0.206266	0.147024	0.112462	1.25103	-1.31004	-1.98446	
0.206173	0.147022	0.112272	1.2481	-1.31007	-1.98168	
0.206081	0.14702	0.112082	1.24517	-1.3101	-1.9789	
0.205988	0.147018	0.111891	1.24225	-1.31012	-1.97612	
0.205896	0.147016	0.111701	1.23932	-1.31014	-1.97334	
0.205803	0.147014	0.111511	1.23639	-1.31016	-1.97056	
0.20571	0.147012	0.111321	1.23346	-1.31018	-1.96778	
0.205617	0.147009	0.111131	1.23053	-1.3102	-1.96499	
0.205523	0.147007	0.110941	1.2276	-1.31021	-1.96221	
0.20543	0.147006	0.110751	1.22468	-1.31022	-1.95943	
0.205336	0.147004	0.110561	1.22175	-1.31023	-1.95665	
0.205243	0.147002	0.110371	1.21882	-1.31024	-1.95387	
0.205149	0.147	0.110182	1.21589	-1.31024	-1.95108	
0.205055	0.146998	0.109992	1.21296	-1.31024	-1.9483	
0.204961	0.146996	0.109802	1.21003	-1.31025	-1.94552	
0.204866	0.146994	0.109612	1.2071	-1.31024	-1.94274	
0.204772	0.146993	0.109423	1.20417	-1.31024	-1.93996	
0.204677	0.146991	0.109233	1.20124	-1.31023	-1.93718	
0.204583	0.146989	0.109044	1.19832	-1.31023	-1.9344	
0.204488	0.146987	0.108854	1.19539	-1.31022	-1.93162	
0.204393	0.146986	0.108665	1.19246	-1.3102	-1.92884	
0.204298	0.146984	0.108475	1.18953	-1.31019	-1.92606	
0.204202	0.146983	0.108286	1.18661	-1.31017	-1.92328	
0.204107	0.146981	0.108097	1.18368	-1.31015	-1.9205	
0.204011	0.14698	0.107907	1.18075	-1.31013	-1.91773	
0.203916	0.146978	0.107718	1.17783	-1.31011	-1.91495	
0.20382	0.146977	0.107529	1.1749	-1.31009	-1.91217	
0.203724	0.146975	0.10734	1.17198	-1.31006	-1.9094	
0.203627	0.146974	0.107151	1.16906	-1.31003	-1.90662	
0.203531	0.146972	0.106962	1.16614	-1.31	-1.90385	
0.203435	0.146971	0.106773	1.16321	-1.30996	-1.90108	
0.203338	0.14697	0.106584	1.16029	-1.30993	-1.89831	
0.203241	0.146968	0.106395	1.15737	-1.30989	-1.89554	
0.203144	0.146967	0.106206	1.15445	-1.30985	-1.89277	
0.203047	0.146966	0.106018	1.15154	-1.30981	-1.89	
0.20295	0.146965	0.105829	1.14862	-1.30976	-1.88723	
0.202853	0.146964	0.10564	1.1457	-1.30972	-1.88447	
0.202755	0.146962	0.105452	1.14279	-1.30967	-1.8817	
0.202658	0.146961	0.105263	1.13988	-1.30962	-1.87894	
0.20256	0.14696	0.105075	1.13696	-1.30957	-1.87618	
0.202462	0.146959	0.104886	1.13405	-1.30951	-1.87342	
0.202364	0.146958	0.104698	1.13114	-1.30946	-1.87066	
0.202266	0.146957	0.104509	1.12824	-1.3094	-1.8679	
0.202167	0.146956	0.104321	1.12533	-1.30934	-1.86514	
0.202069	0.146955	0.104133	1.12242	-1.30927	-1.86239	
0.20197	0.146955	0.103945	1.11952	-1.30921	-1.85963	
0.201871	0.146954	0.103756	1.11662	-1.30914	-1.85688	
0.201772	0.146953	0.103568	1.11372	-1.30907	-1.85413	
0.201673	0.146952	0.10338	1.11082	-1.309	-1.85139	
0.201574	0.146951	0.103192	1.10792	-1.30892	-1.84864	
0.201475	0.146951	0.103004	1.10503	-1.30885	-1.84589	
0.201375	0.14695	0.102816	1.10213	-1.30877	-1.84315	
0.201275	0.146949	0.102629	1.09924	-1.30869	-1.84041	
0.201176	0.146949	0.102441	1.09635	-1.30861	-1.83767	
0.201076	0.146948	0.102253	1.09346	-1.30852	-1.83494	
0.200975	0.146947	0.102065	1.09057	-1.30844	-1.8322	
0.200875	0.146947	0.101878	1.08769	-1.30835	-1.82947	
0.200775	0.146946	0.10169	1.08481	-1.30826	-1.82674	
0.200674	0.146946	0.101503	1.08193	-1.30817	-1.82401	
0.200574	0.146945	0.101315	1.07905	-1.30807	-1.82129	
0.200473	0.146945	0.101128	1.07617	-1.30798	-1.81856	
0.200372	0.146944	0.10094	1.0733	-1.30788	-1.81584	
0.200271	0.146944	0.100753	1.07043	-1.30778	-1.81312	
0.200169	0.146944	0.100566	1.06756	-1.30767	-1.81041	
0.200068	0.146943	0.100378	1.06469	-1.30757	-1.80769	
0.199967	0.146943	0.100191	1.06183	-1.30746	-1.80498	
0.199865	0.146943	0.100004	1.05897	-1.30735	-1.80227	
0.199763	0.146943	0.099817	1.05611	-1.30724	-1.79956	
0.199661	0.146942	0.0996299	1.05325	-1.30713	-1.79686	
0.199559	0.146942	0.099443	1.05039	-1.30702	-1.79416	
0.199457	0.146942	0.0992561	1.04754	-1.3069	-1.79146	
0.199354	0.146942	0.0990692	1.04469	-1.30678	-1.78876	
0.199252	0.146942	0.0988824	1.04184	-1.30666	-1.78607	
0.199149	0.146942	0.0986956	1.039	-1.30653	-1.78338	
0.199046	0.146942	0.098509	1.03616	-1.30641	-1.78069	
0.198943	0.146942	0.0983223	1.03332	-1.30628	-1.77801	
0.19884	0.146942	0.0981357	1.03048	-1.30615	-1.77533	
0.198737	0.146942	0.0979492	1.02765	-1.30602	-1.77265	
0.198633	0.146942	0.0977627	1.02482	-1.30589	-1.76997	
0.19853	0.146942	0.0975763	1.02199	-1.30575	-1.7673	
0.198426	0.146942	0.0973899	1.01917	-1.30562	-1.76463	
0.198322	0.146943	0.0972036	1.01635	-1.30548	-1.76196	
0.198218	0.146943	0.0970173	1.01353	-1.30533	-1.7593	
0.198114	0.146943	0.0968311	1.01071	-1.30519	-1.75664	
0.19801	0.146943	0.0966449	1.0079	-1.30505	-1.75398	
0.197905	0.146944	0.0964588	1.00509	-1.3049	-1.75132	
0.197801	0.146944	0.0962728	1.00228	-1.30475	-1.74867	
0.197696	0.146945	0.0960868	0.999481	-1.3046	-1.74603	
0.197591	0.146945	0.0959009	0.996681	-1.30444	-1.74338	
0.197486	0.146945	0.095715	0.993885	-1.30429	-1.74074	
0.197381	0.146946	0.0955292	0.991092	-1.30413	-1.7381	
0.197276	0.146946	0.0953434	0.988302	-1.30397	-1.73547	
0.19717	0.146947	0.0951577	0.985516	-1.30381	-1.73284	
0.197065	0.146948	0.094972	0.982732	-1.30365	-1.73021	
0.196959	0.146948	0.0947864	0.979953	-1.30348	-1.72759	
0.196853	0.146949	0.0946009	0.977177	-1.30332	-1.72497	
0.196747	0.146949	0.0944154	0.974404	-1.30315	-1.72235	
0.196641	0.14695	0.09423	0.971635	-1.30298	-1.71974	
0.196535	0.146951	0.0940446	0.968869	-1.3028	-1.71713	
0.196429	0.146952	0.0938593	0.966108	-1.30263	-1.71453	
0.196322	0.146952	0.093674	0.963349	-1.30245	-1.71192	
0.196215	0.146953	0.0934888	0.960595	-1.30227	-1.70933	
0.196108	0.146954	0.0933036	0.957844	-1.30209	-1.70673	
0.196001	0.146955	0.0931185	0.955096	-1.30191	-1.70414	
0.195894	0.146956	0.0929335	0.952353	-1.30173	-1.70156	
0.195787	0.146957	0.0927485	0.949613	-1.30154	-1.69897	
0.19568	0.146958	0.0925636	0.946877	-1.30135	-1.6964	
0.195572	0.146959	0.0923788	0.944145	-1.30116	-1.69382	
0.195464	0.14696	0.0921939	0.941417	-1.30097	-1.69125	
0.195357	0.146961	0.0920092	0.938693	-1.30078	-1.68869	
0.195249	0.146962	0.0918245	0.935973	-1.30058	-1.68612	
0.19514	0.146963	0.0916399	0.933256	-1.30038	-1.68356	
0.195032	0.146964	0.0914553	0.930544	-1.30018	-1.68101	
0.194924	0.146965	0.0912708	0.927835	-1.29998	-1.67846	
0.194815	0.146967	0.0910863	0.925131	-1.29978	-1.67591	
0.194706	0.146968	0.0909019	0.922431	-1.29957	-1.67337	
0.194598	0.146969	0.0907176	0.919735	-1.29937	-1.67084	
0.194489	0.14697	0.0905333	0.917043	-1.29916	-1.6683	
0.19438	0.146972	0.0903491	0.914355	-1.29895	-1.66577	
0.19427	0.146973	0.0901649	0.911671	-1.29873	-1.66325	
0.194161	0.146974	0.0899808	0.908991	-1.29852	-1.66073	
0.194051	0.146976	0.0897968	0.906316	-1.2983	-1.65821	
0.193942	0.146977	0.0896128	0.903645	-1.29809	-1.6557	
0.193832	0.146979	0.0894288	0.900978	-1.29787	-1.65319	
0.193722	0.14698	0.089245	0.898316	-1.29764	-1.65069	
0.193612	0.146982	0.0890612	0.895658	-1.29742	-1.64819	
0.193501	0.146984	0.0888774	0.893004	-1.29719	-1.6457	
0.193391	0.146985	0.0886937	0.890354	-1.29697	-1.64321	
0.193281	0.146987	0.0885101	0.887709	-1.29674	-1.64072	
0.19317	0.146988	0.0883265	0.885069	-1.29651	-1.63824	
0.193059	0.14699	0.088143	0.882432	-1.29628	-1.63577	
0.192948	0.146992	0.0879596	0.879801	-1.29604	-1.6333	
0.192837	0.146994	0.0877762	0.877173	-1.2958	-1.63083	
0.192726	0.146996	0.0875928	0.874551	-1.29557	-1.62837	
0.192614	0.146997	0.0874096	0.871932	-1.29533	-1.62591	
0.192503	0.146999	0.0872264	0.869319	-1.29509	-1.62346	
0.192391	0.147001	0.0870432	0.866709	-1.29484	-1.62101	
0.192279	0.147003	0.0868601	0.864105	-1.2946	-1.61856	
0.192167	0.147005	0.0866771	0.861505	-1.29435	-1.61613	
0.192055	0.147007	0.0864941	0.858909	-1.2941	-1.61369	
0.191943	0.147009	0.0863112	0.856319	-1.29385	-1.61126	
0.191831	0.147011	0.0861284	0.853733	-1.2936	-1.60884	
0.191718	0.147013	0.0859456	0.851151	-1.29335	-1.60642	
0.191606	0.147015	0.0857629	0.848575	-1.29309	-1.604	
0.191493	0.147017	0.0855802	0.846003	-1.29283	-1.60159	
0.19138	0.14702	0.0853976	0.843435	-1.29257	-1.59919	
0.191267	0.147022	0.0852151	0.840873	-1.29231	-1.59679	
0.191154	0.147024	0.0850326	0.838315	-1.29205	-1.59439	
0.19104	0.147026	0.0848502	0.835762	-1.29179	-1.592	
0.190927	0.147029	0.0846679	0.833214	-1.29152	-1.58962	
0.190813	0.147031	0.0844856	0.830671	-1.29125	-1.58723	
0.190699	0.147033	0.0843034	0.828132	-1.29099	-1.58486	
0.190585	0.147036	0.0841212	0.825599	-1.29071	-1.58249	
0.190471	0.147038	0.0839391	0.82307	-1.29044	-1.58012	
0.190357	0.147041	0.0837571	0.820546	-1.29017	-1.57776	
0.190243	0.147043	0.0835751	0.818027	-1.28989	-1.57541	
0.190128	0.147046	0.0833932	0.815513	-1.28961	-1.57305	
0.190014	0.147048	0.0832113	0.813004	-1.28934	-1.57071	
0.189899	0.147051	0.0830296	0.8105	-1.28905	-1.56837	
0.189784	0.147053	0.0828478	0.808	-1.28877	-1.56603	
0.189669	0.147056	0.0826662	0.805506	-1.28849	-1.5637	
0.189554	0.147059	0.0824846	0.803017	-1.2882	-1.56138	
0.189438	0.147061	0.0823031	0.800532	-1.28792	-1.55906	
0.189323	0.147064	0.0821216	0.798053	-1.28763	-1.55674	
0.189207	0.147067	0.0819402	0.795579	-1.28734	-1.55443	
0.189092	0.14707	0.0817589	0.793109	-1.28704	-1.55213	
0.188976	0.147072	0.0815776	0.790645	-1.28675	-1.54983	
0.18886	0.147075	0.0813964	0.788186	-1.28645	-1.54753	
0.188744	0.147078	0.0812152	0.785731	-1.28616	-1.54524	
0.188627	0.147081	0.0810341	0.783282	-1.28586	-1.54296	
0.188511	0.147084	0.0808531	0.780838	-1.28556	-1.54068	
0.188394	0.147087	0.0806722	0.778399	-1.28526	-1.5384	
0.188278	0.14709	0.0804913	0.775965	-1.28495	-1.53613	
0.188161	0.147093	0.0803105	0.773537	-1.28465	-1.53387	
0.188044	0.147096	0.0801297	0.771113	-1.28434	-1.53161	
0.187927	0.147099	0.079949	0.768694	-1.28403	-1.52936	
0.187809	0.147102	0.0797684	0.766281	-1.28372	-1.52711	
0.187692	0.147106	0.0795878	0.763873	-1.28341	-1.52487	
0.187574	0.147109	0.0794073	0.76147	-1.2831	-1.52263	
0.187457	0.147112	0.0792269	0.759072	-1.28279	-1.5204	
0.187339	0.147115	0.0790465	0.756679	-1.28247	-1.51817	
0.187221	0.147119	0.0788662	0.754291	-1.28215	-1.51595	
0.187103	0.147122	0.078686	0.751909	-1.28184	-1.51374	
0.186985	0.147125	0.0785058	0.749532	-1.28152	-1.51152	
0.186866	0.147129	0.0783257	0.74716	-1.28119	-1.50932	
0.186748	0.147132	0.0781457	0.744793	-1.28087	-1.50712	
0.186629	0.147136	0.0779657	0.742431	-1.28055	-1.50492	
0.18651	0.147139	0.0777858	0.740075	-1.28022	-1.50273	
0.186391	0.147143	0.077606	0.737723	-1.27989	-1.50055	
0.186272	0.147146	0.0774262	0.735377	-1.27956	-1.49837	
0.186153	0.14715	0.0772465	0.733037	-1.27923	-1.4962	
0.186034	0.147153	0.0770669	0.730701	-1.2789	-1.49403	
0.185914	0.147157	0.0768873	0.728371	-1.27857	-1.49187	
0.185795	0.147161	0.0767078	0.726046	-1.27823	-1.48971	
0.185675	0.147164	0.0765284	0.723726	-1.27789	-1.48756	
0.185555	0.147168	0.076349	0.721411	-1.27756	-1.48541	
0.185435	0.147172	0.0761697	0.719102	-1.27722	-1.48327	
0.185315	0.147176	0.0759905	0.716798	-1.27687	-1.48113	
0.185194	0.147179	0.0758113	0.714499	-1.27653	-1.479	
0.185074	0.147183	0.0756322	0.712205	-1.27619	-1.47688	
0.184953	0.147187	0.0754532	0.709917	-1.27584	-1.47476	
0.184833	0.147191	0.0752742	0.707634	-1.2755	-1.47264	
0.184712	0.147195	0.0750953	0.705356	-1.27515	-1.47053	
0.184591	0.147199	0.0749165	0.703084	-1.2748	-1.46843	
0.18447	0.147203	0.0747377	0.700817	-1.27445	-1.46633	
0.184348	0.147207	0.074559	0.698555	-1.2741	-1.46424	
0.184227	0.147211	0.0743804	0.696298	-1.27374	-1.46215	
0.184105	0.147215	0.0742019	0.694047	-1.27339	-1.46007	
0.183984	0.147219	0.0740234	0.691801	-1.27303	-1.45799	
0.183862	0.147224	0.073845	0.68956	-1.27267	-1.45592	
0.18374	0.147228	0.0736666	0.687324	-1.27231	-1.45385	
0.183618	0.147232	0.0734883	0.685094	-1.27195	-1.45179	
0.183495	0.147236	0.0733101	0.682869	-1.27159	-1.44974	
0.183373	0.147241	0.073132	0.680649	-1.27123	-1.44769	
0.183251	0.147245	0.0729539	0.678435	-1.27086	-1.44565	
0.183128	0.147249	0.0727759	0.676226	-1.2705	-1.44361	
0.183005	0.147254	0.072598	0.674022	-1.27013	-1.44157	
0.182882	0.147258	0.0724201	0.671823	-1.26976	-1.43954	
0.182759	0.147263	0.0722424	0.66963	-1.26939	-1.43752	
0.182636	0.147267	0.0720646	0.667442	-1.26902	-1.4355	
0.182513	0.147272	0.071887	0.665259	-1.26865	-1.43349	
0.182389	0.147276	0.0717094	0.663082	-1.26827	-1.43149	
0.182266	0.147281	0.0715319	0.660909	-1.2679	-1.42948	
0.182142	0.147286	0.0713544	0.658743	-1.26752	-1.42749	
0.182018	0.14729	0.0711771	0.656581	-1.26714	-1.4255	
0.181894	0.147295	0.0709998	0.654425	-1.26676	-1.42351	
0.18177	0.1473	0.0708225	0.652273	-1.26638	-1.42153	
0.181645	0.147304	0.0706454	0.650128	-1.266	-1.41956	
0.181521	0.147309	0.0704683	0.647987	-1.26562	-1.41759	
0.181396	0.147314	0.0702913	0.645852	-1.26524	-1.41563	
0.181272	0.147319	0.0701143	0.643721	-1.26485	-1.41367	
0.181147	0.147324	0.0699375	0.641597	-1.26446	-1.41172	
0.181022	0.147329	0.0697607	0.639477	-1.26408	-1.40977	
0.180897	0.147333	0.0695839	0.637363	-1.26369	-1.40783	
0.180772	0.147338	0.0694073	0.635254	-1.2633	-1.40589	
0.180646	0.147343	0.0692307	0.63315	-1.2629	-1.40396	
0.180521	0.147348	0.0690542	0.631051	-1.26251	-1.40203	
0.180395	0.147354	0.0688777	0.628958	-1.26212	-1.40011	
0.180269	0.147359	0.0687014	0.626869	-1.26172	-1.3982	
0.180143	0.147364	0.0685251	0.624786	-1.26132	-1.39629	
0.180017	0.147369	0.0683488	0.622709	-1.26093	-1.39438	
0.179891	0.147374	0.0681727	0.620636	-1.26053	-1.39248	
0.179765	0.147379	0.0679966	0.618569	-1.26013	-1.39059	
0.179638	0.147385	0.0678206	0.616506	-1.25973	-1.3887	
0.179512	0.14739	0.0676446	0.614449	-1.25932	-1.38682	
0.179385	0.147395	0.0674688	0.612398	-1.25892	-1.38494	
0.179258	0.147401	0.067293	0.610351	-1.25851	-1.38307	
0.179131	0.147406	0.0671173	0.60831	-1.25811	-1.3812	
0.179004	0.147411	0.0669416	0.606273	-1.2577	-1.37934	
0.178877	0.147417	0.066766	0.604242	-1.25729	-1.37748	
0.178749	0.147422	0.0665905	0.602216	-1.25688	-1.37563	
0.178622	0.147428	0.0664151	0.600196	-1.25647	-1.37378	
0.178494	0.147433	0.0662397	0.59818	-1.25606	-1.37194	
0.178366	0.147439	0.0660645	0.59617	-1.25565	-1.37011	
0.178238	0.147445	0.0658893	0.594164	-1.25523	-1.36828	
0.17811	0.14745	0.0657141	0.592164	-1.25482	-1.36645	
0.177982	0.147456	0.0655391	0.590169	-1.2544	-1.36463	
0.177853	0.147462	0.0653641	0.588179	-1.25398	-1.36282	
0.177725	0.147467	0.0651892	0.586194	-1.25356	-1.36101	
0.177596	0.147473	0.0650143	0.584214	-1.25314	-1.3592	
0.177468	0.147479	0.0648396	0.58224	-1.25272	-1.3574	
0.177339	0.147485	0.0646649	0.58027	-1.2523	-1.35561	
0.17721	0.147491	0.0644903	0.578305	-1.25188	-1.35382	
0.17708	0.147496	0.0643157	0.576346	-1.25145	-1.35204	
0.176951	0.147502	0.0641413	0.574392	-1.25103	-1.35026	
0.176822	0.147508	0.0639669	0.572442	-1.2506	-1.34849	
0.176692	0.147514	0.0637926	0.570498	-1.25017	-1.34672	
0.176562	0.14752	0.0636183	0.568559	-1.24974	-1.34496	
0.176433	0.147526	0.0634442	0.566625	-1.24931	-1.3432	
0.176303	0.147533	0.0632701	0.564695	-1.24888	-1.34145	
0.176173	0.147539	0.0630961	0.562771	-1.24845	-1.3397	
0.176042	0.147545	0.0629221	0.560852	-1.24802	-1.33796	
0.175912	0.147551	0.0627482	0.558938	-1.24758	-1.33622	
0.175781	0.147557	0.0625745	0.557029	-1.24715	-1.33449	
0.175651	0.147563	0.0624008	0.555125	-1.24671	-1.33276	
0.17552	0.14757	0.0622271	0.553225	-1.24627	-1.33104	
0.175389	0.147576	0.0620536	0.551331	-1.24583	-1.32932	
0.175258	0.147582	0.0618801	0.549442	-1.24539	-1.32761	
0.175127	0.147589	0.0617067	0.547557	-1.24495	-1.3259	
0.174996	0.147595	0.0615333	0.545678	-1.24451	-1.3242	
0.174864	0.147602	0.0613601	0.543804	-1.24407	-1.32251	
0.174733	0.147608	0.0611869	0.541934	-1.24363	-1.32082	
0.174601	0.147615	0.0610138	0.540069	-1.24318	-1.31913	
0.174469	0.147621	0.0608408	0.53821	-1.24274	-1.31745	
0.174337	0.147628	0.0606678	0.536355	-1.24229	-1.31577	
0.174205	0.147634	0.060495	0.534505	-1.24184	-1.3141	
0.174073	0.147641	0.0603222	0.53266	-1.24139	-1.31243	
0.17394	0.147648	0.0601494	0.530819	-1.24094	-1.31077	
0.173808	0.147654	0.0599768	0.528984	-1.24049	-1.30912	
0.173675	0.147661	0.0598042	0.527153	-1.24004	-1.30747	
0.173542	0.147668	0.0596318	0.525328	-1.23959	-1.30582	
0.173409	0.147675	0.0594593	0.523507	-1.23914	-1.30418	
0.173276	0.147681	0.059287	0.521691	-1.23868	-1.30254	
0.173143	0.147688	0.0591148	0.519879	-1.23823	-1.30091	
0.17301	0.147695	0.0589426	0.518073	-1.23777	-1.29928	
0.172876	0.147702	0.0587705	0.516271	-1.23731	-1.29766	
0.172743	0.147709	0.0585985	0.514474	-1.23685	-1.29604	
0.172609	0.147716	0.0584265	0.512682	-1.23639	-1.29443	
0.172475	0.147723	0.0582547	0.510895	-1.23593	-1.29283	
0.172341	0.14773	0.0580829	0.509112	-1.23547	-1.29122	
0.172207	0.147737	0.0579112	0.507334	-1.23501	-1.28963	
0.172073	0.147744	0.0577396	0.505561	-1.23455	-1.28803	
0.171939	0.147751	0.057568	0.503793	-1.23408	-1.28645	
0.171804	0.147759	0.0573966	0.502029	-1.23362	-1.28486	
0.17167	0.147766	0.0572252	0.50027	-1.23315	-1.28328	
0.171535	0.147773	0.0570539	0.498515	-1.23269	-1.28171	
0.1714	0.14778	0.0568826	0.496765	-1.23222	-1.28014	
0.171265	0.147788	0.0567115	0.49502	-1.23175	-1.27858	
0.17113	0.147795	0.0565404	0.49328	-1.23128	-1.27702	
0.170994	0.147802	0.0563694	0.491544	-1.23081	-1.27547	
0.170859	0.14781	0.0561985	0.489813	-1.23034	-1.27392	
0.170723	0.147817	0.0560277	0.488086	-1.22987	-1.27237	
0.170588	0.147825	0.0558569	0.486364	-1.2294	-1.27083	
0.170452	0.147832	0.0556862	0.484647	-1.22892	-1.2693	
0.170316	0.14784	0.0555156	0.482934	-1.22845	-1.26777	
0.17018	0.147847	0.0553451	0.481226	-1.22797	-1.26624	
0.170044	0.147855	0.0551747	0.479522	-1.22749	-1.26472	
0.169907	0.147863	0.0550043	0.477823	-1.22702	-1.2632	
0.169771	0.14787	0.0548341	0.476129	-1.22654	-1.26169	
0.169634	0.147878	0.0546639	0.474439	-1.22606	-1.26019	
0.169498	0.147886	0.0544938	0.472753	-1.22558	-1.25868	
0.169361	0.147893	0.0543237	0.471072	-1.2251	-1.25719	
0.169224	0.147901	0.0541538	0.469395	-1.22462	-1.25569	
0.169087	0.147909	0.0539839	0.467723	-1.22413	-1.2542	
0.168949	0.147917	0.0538141	0.466056	-1.22365	-1.25272	
0.168812	0.147925	0.0536444	0.464393	-1.22317	-1.25124	
0.168675	0.147933	0.0534748	0.462734	-1.22268	-1.24977	
0.168537	0.147941	0.0533052	0.46108	-1.2222	-1.2483	
0.168399	0.147949	0.0531358	0.45943	-1.22171	-1.24683	
0.168261	0.147957	0.0529664	0.457784	-1.22122	-1.24537	
0.168123	0.147965	0.0527971	0.456143	-1.22073	-1.24391	
0.167985	0.147973	0.0526279	0.454507	-1.22024	-1.24246	
0.167847	0.147981	0.0524587	0.452875	-1.21976	-1.24101	
0.167708	0.147989	0.0522897	0.451247	-1.21926	-1.23957	
0.16757	0.147997	0.0521207	0.449623	-1.21877	-1.23813	
0.167431	0.148005	0.0519518	0.448004	-1.21828	-1.2367	
0.167292	0.148014	0.051783	0.446389	-1.21779	-1.23527	
0.167153	0.148022	0.0516143	0.444779	-1.21729	-1.23384	
0.167014	0.14803	0.0514456	0.443172	-1.2168	-1.23242	
0.166875	0.148039	0.0512771	0.44157	-1.2163	-1.231	
0.166736	0.148047	0.0511086	0.439973	-1.21581	-1.22959	
0.166596	0.148055	0.0509402	0.438379	-1.21531	-1.22819	
0.166457	0.148064	0.0507719	0.43679	-1.21481	-1.22678	
0.166317	0.148072	0.0506037	0.435206	-1.21431	-1.22538	
0.166177	0.148081	0.0504355	0.433625	-1.21381	-1.22399	
0.166037	0.148089	0.0502674	0.432049	-1.21331	-1.2226	
0.165897	0.148098	0.0500995	0.430476	-1.21281	-1.22121	
0.165757	0.148107	0.0499316	0.428908	-1.21231	-1.21983	
0.165616	0.148115	0.0497637	0.427345	-1.21181	-1.21845	
0.165476	0.148124	0.049596	0.425785	-1.21131	-1.21708	
0.165335	0.148133	0.0494284	0.42423	-1.2108	-1.21571	
0.165194	0.148141	0.0492608	0.422678	-1.2103	-1.21435	
0.165053	0.14815	0.0490933	0.421131	-1.20979	-1.21299	
0.164912	0.148159	0.0489259	0.419588	-1.20929	-1.21163	
0.164771	0.148168	0.0487586	0.418049	-1.20878	-1.21028	
0.16463	0.148177	0.0485914	0.416514	-1.20827	-1.20893	
0.164489	0.148186	0.0484243	0.414984	-1.20776	-1.20759	
0.164347	0.148195	0.0482572	0.413457	-1.20726	-1.20625	
0.164205	0.148203	0.0480902	0.411935	-1.20675	-1.20492	
0.164064	0.148212	0.0479233	0.410416	-1.20623	-1.20359	
0.163922	0.148222	0.0477565	0.408902	-1.20572	-1.20226	
0.16378	0.148231	0.0475898	0.407391	-1.20521	-1.20094	
0.163638	0.14824	0.0474232	0.405885	-1.2047	-1.19962	
0.163495	0.148249	0.0472566	0.404383	-1.20419	-1.19831	
0.163353	0.148258	0.0470902	0.402884	-1.20367	-1.197	
0.16321	0.148267	0.0469238	0.40139	-1.20316	-1.19569	
0.163068	0.148276	0.0467575	0.3999	-1.20264	-1.19439	
0.162925	0.148286	0.0465913	0.398413	-1.20213	-1.1931	
0.162782	0.148295	0.0464252	0.396931	-1.20161	-1.1918	
0.162639	0.148304	0.0462591	0.395452	-1.20109	-1.19051	
0.162496	0.148314	0.0460932	0.393978	-1.20057	-1.18923	
0.162352	0.148323	0.0459273	0.392507	-1.20006	-1.18795	
0.162209	0.148332	0.0457615	0.39104	-1.19954	-1.18667	
0.162065	0.148342	0.0455958	0.389578	-1.19902	-1.1854	
0.161921	0.148351	0.0454302	0.388119	-1.1985	-1.18413	
0.161778	0.148361	0.0452647	0.386664	-1.19797	-1.18286	
0.161634	0.14837	0.0450993	0.385212	-1.19745	-1.1816	
0.16149	0.14838	0.0449339	0.383765	-1.19693	-1.18035	
0.161345	0.14839	0.0447687	0.382321	-1.19641	-1.17909	
0.161201	0.148399	0.0446035	0.380882	-1.19588	-1.17784	
0.161057	0.148409	0.0444384	0.379446	-1.19536	-1.1766	
0.160912	0.148419	0.0442734	0.378014	-1.19483	-1.17536	
0.160767	0.148429	0.0441085	0.376585	-1.19431	-1.17412	
0.160622	0.148438	0.0439436	0.375161	-1.19378	-1.17289	
0.160477	0.148448	0.0437789	0.37374	-1.19325	-1.17166	
0.160332	0.148458	0.0436142	0.372323	-1.19272	-1.17043	
0.160187	0.148468	0.0434497	0.37091	-1.1922	-1.16921	
0.160042	0.148478	0.0432852	0.3695	-1.19167	-1.16799	
0.159896	0.148488	0.0431208	0.368094	-1.19114	-1.16678	
0.159751	0.148498	0.0429565	0.366692	-1.19061	-1.16557	
0.159605	0.148508	0.0427923	0.365294	-1.19008	-1.16436	
0.159459	0.148518	0.0426282	0.363899	-1.18954	-1.16316	
0.159313	0.148528	0.0424641	0.362508	-1.18901	-1.16196	
0.159167	0.148538	0.0423002	0.361121	-1.18848	-1.16077	
0.159021	0.148548	0.0421363	0.359737	-1.18795	-1.15958	
0.158874	0.148558	0.0419725	0.358357	-1.18741	-1.15839	
0.158728	0.148568	0.0418088	0.35698	-1.18688	-1.15721	
0.158581	0.148579	0.0416452	0.355608	-1.18634	-1.15603	
0.158434	0.148589	0.0414817	0.354238	-1.18581	-1.15485	
0.158288	0.148599	0.0413183	0.352873	-1.18527	-1.15368	
0.158141	0.14861	0.041155	0.351511	-1.18473	-1.15251	
0.157993	0.14862	0.0409917	0.350152	-1.1842	-1.15134	
0.157846	0.14863	0.0408286	0.348797	-1.18366	-1.15018	
0.157699	0.148641	0.0406655	0.347446	-1.18312	-1.14903	
0.157551	0.148651	0.0405025	0.346098	-1.18258	-1.14787	
0.157404	0.148662	0.0403396	0.344754	-1.18204	-1.14672	
0.157256	0.148672	0.0401768	0.343413	-1.1815	-1.14558	
0.157108	0.148683	0.0400141	0.342075	-1.18096	-1.14443	
0.15696	0.148694	0.0398515	0.340742	-1.18042	-1.14329	
0.156812	0.148704	0.039689	0.339411	-1.17987	-1.14216	
0.156664	0.148715	0.0395265	0.338084	-1.17933	-1.14103	
0.156515	0.148726	0.0393642	0.336761	-1.17879	-1.1399	
0.156367	0.148736	0.0392019	0.335441	-1.17825	-1.13877	
0.156218	0.148747	0.0390397	0.334124	-1.1777	-1.13765	
0.156069	0.148758	0.0388777	0.332811	-1.17716	-1.13653	
0.155921	0.148769	0.0387157	0.331502	-1.17661	-1.13542	
0.155772	0.14878	0.0385538	0.330195	-1.17606	-1.13431	
0.155622	0.148791	0.038392	0.328892	-1.17552	-1.1332	
0.155473	0.148801	0.0382302	0.327593	-1.17497	-1.1321	
0.155324	0.148812	0.0380686	0.326297	-1.17442	-1.131	
0.155174	0.148823	0.0379071	0.325004	-1.17388	-1.1299	
0.155025	0.148835	0.0377456	0.323714	-1.17333	-1.12881	
0.154875	0.148846	0.0375843	0.322428	-1.17278	-1.12772	
0.154725	0.148857	0.037423	0.321145	-1.17223	-1.12663	
0.154575	0.148868	0.0372618	0.319866	-1.17168	-1.12555	
0.154425	0.148879	0.0371007	0.31859	-1.17113	-1.12447	
0.154275	0.14889	0.0369397	0.317317	-1.17058	-1.12339	
0.154124	0.148901	0.0367788	0.316047	-1.17002	-1.12232	
0.153974	0.148913	0.036618	0.314781	-1.16947	-1.12125	
0.153823	0.148924	0.0364573	0.313518	-1.16892	-1.12019	
0.153673	0.148935	0.0362967	0.312258	-1.16836	-1.11912	
0.153522	0.148947	0.0361361	0.311001	-1.16781	-1.11807	
0.153371	0.148958	0.0359757	0.309748	-1.16726	-1.11701	
0.15322	0.14897	0.0358153	0.308498	-1.1667	-1.11596	
0.153068	0.148981	0.0356551	0.307251	-1.16615	-1.11491	
0.152917	0.148992	0.0354949	0.306007	-1.16559	-1.11386	
0.152766	0.149004	0.0353348	0.304766	-1.16503	-1.11282	
0.152614	0.149016	0.0351749	0.303529	-1.16448	-1.11178	
0.152462	0.149027	0.035015	0.302295	-1.16392	-1.11075	
0.15231	0.149039	0.0348552	0.301064	-1.16336	-1.10971	
0.152158	0.14905	0.0346955	0.299836	-1.1628	-1.10869	
0.152006	0.149062	0.0345359	0.298611	-1.16224	-1.10766	
0.151854	0.149074	0.0343763	0.297389	-1.16169	-1.10664	
0.151702	0.149086	0.0342169	0.29617	-1.16113	-1.10562	
0.151549	0.149097	0.0340576	0.294955	-1.16057	-1.1046	
0.151397	0.149109	0.0338983	0.293742	-1.16	-1.10359	
0.151244	0.149121	0.0337392	0.292533	-1.15944	-1.10258	
0.151091	0.149133	0.0335801	0.291327	-1.15888	-1.10157	
0.150938	0.149145	0.0334212	0.290124	-1.15832	-1.10057	
0.150785	0.149157	0.0332623	0.288923	-1.15776	-1.09957	
0.150632	0.149169	0.0331035	0.287726	-1.15719	-1.09857	
0.150479	0.149181	0.0329448	0.286532	-1.15663	-1.09758	
0.150325	0.149193	0.0327863	0.285341	-1.15607	-1.09659	
0.150172	0.149205	0.0326278	0.284153	-1.1555	-1.0956	
0.150018	0.149217	0.0324694	0.282968	-1.15494	-1.09462	
0.149864	0.149229	0.0323111	0.281786	-1.15437	-1.09364	
0.14971	0.149242	0.0321528	0.280607	-1.15381	-1.09266	
0.149556	0.149254	0.0319947	0.279431	-1.15324	-1.09168	
0.149402	0.149266	0.0318367	0.278257	-1.15267	-1.09071	
0.149248	0.149278	0.0316788	0.277087	-1.15211	-1.08974	
0.149093	0.149291	0.0315209	0.27592	-1.15154	-1.08878	
0.148939	0.149303	0.0313632	0.274755	-1.15097	-1.08781	
0.148784	0.149316	0.0312056	0.273594	-1.1504	-1.08685	
0.14863	0.149328	0.031048	0.272435	-1.14983	-1.0859	
0.148475	0.14934	0.0308906	0.27128	-1.14926	-1.08494	
0.14832	0.149353	0.0307332	0.270127	-1.14869	-1.08399	
0.148164	0.149365	0.0305759	0.268977	-1.14812	-1.08305	
0.148009	0.149378	0.0304188	0.26783	-1.14755	-1.0821	
0.147854	0.149391	0.0302617	0.266685	-1.14698	-1.08116	
0.147698	0.149403	0.0301047	0.265544	-1.14641	-1.08022	
0.147543	0.149416	0.0299478	0.264406	-1.14584	-1.07929	
0.147387	0.149429	0.029791	0.26327	-1.14527	-1.07835	
0.147231	0.149441	0.0296344	0.262137	-1.14469	-1.07742	
0.147075	0.149454	0.0294778	0.261007	-1.14412	-1.0765	
0.146919	0.149467	0.0293213	0.25988	-1.14355	-1.07557	
0.146763	0.14948	0.0291649	0.258755	-1.14297	-1.07465	
0.146606	0.149493	0.0290085	0.257633	-1.1424	-1.07373	
0.14645	0.149505	0.0288523	0.256514	-1.14182	-1.07282	
0.146293	0.149518	0.0286962	0.255398	-1.14125	-1.07191	
0.146137	0.149531	0.0285402	0.254285	-1.14067	-1.071	
0.14598	0.149544	0.0283843	0.253174	-1.1401	-1.07009	
0.145823	0.149557	0.0282285	0.252066	-1.13952	-1.06919	
0.145666	0.14957	0.0280727	0.250961	-1.13894	-1.06829	
0.145509	0.149584	0.0279171	0.249858	-1.13837	-1.06739	
0.145351	0.149597	0.0277616	0.248758	-1.13779	-1.0665	
0.145194	0.14961	0.0276061	0.247661	-1.13721	-1.0656	
0.145036	0.149623	0.0274508	0.246567	-1.13663	-1.06471	
0.144879	0.149636	0.0272955	0.245475	-1.13605	-1.06383	
0.144721	0.149649	0.0271404	0.244386	-1.13547	-1.06294	
0.144563	0.149663	0.0269853	0.243299	-1.1349	-1.06206	
0.144405	0.149676	0.0268304	0.242216	-1.13432	-1.06119	
0.144247	0.149689	0.0266755	0.241134	-1.13374	-1.06031	
0.144089	0.149703	0.0265208	0.240056	-1.13315	-1.05944	
0.14393	0.149716	0.0263661	0.23898	-1.13257	-1.05857	
0.143772	0.14973	0.0262115	0.237906	-1.13199	-1.0577	
0.143613	0.149743	0.0260571	0.236836	-1.13141	-1.05684	
0.143455	0.149757	0.0259027	0.235768	-1.13083	-1.05598	
0.143296	0.14977	0.0257484	0.234702	-1.13025	-1.05512	
0.143137	0.149784	0.0255943	0.233639	-1.12966	-1.05426	
0.142978	0.149798	0.0254402	0.232579	-1.12908	-1.05341	
0.142818	0.149811	0.0252862	0.231521	-1.1285	-1.05256	
0.142659	0.149825	0.0251323	0.230465	-1.12791	-1.05171	
0.1425	0.149839	0.0249786	0.229413	-1.12733	-1.05086	
0.14234	0.149852	0.0248249	0.228362	-1.12674	-1.05002	
0.14218	0.149866	0.0246713	0.227315	-1.12616	-1.04918	
0.142021	0.14988	0.0245178	0.226269	-1.12557	-1.04834	
0.141861	0.149894	0.0243644	0.225227	-1.12499	-1.04751	
0.141701	0.149908	0.0242112	0.224186	-1.1244	-1.04668	
0.141541	0.149922	0.024058	0.223149	-1.12381	-1.04585	
0.14138	0.149936	0.0239049	0.222113	-1.12323	-1.04502	
0.14122	0.14995	0.0237519	0.221081	-1.12264	-1.0442	
0.141059	0.149964	0.023599	0.22005	-1.12205	-1.04338	
0.140899	0.149978	0.0234462	0.219022	-1.12146	-1.04256	
0.140738	0.149992	0.0232935	0.217997	-1.12088	-1.04174	
0.140577	0.150006	0.0231409	0.216974	-1.12029	-1.04093	
0.140416	0.15002	0.0229885	0.215953	-1.1197	-1.04012	
0.140255	0.150034	0.0228361	0.214935	-1.11911	-1.03931	
0.140094	0.150049	0.0226838	0.21392	-1.11852	-1.0385	
0.139933	0.150063	0.0225316	0.212906	-1.11793	-1.0377	
0.139771	0.150077	0.0223795	0.211895	-1.11734	-1.0369	
0.13961	0.150092	0.0222275	0.210887	-1.11675	-1.0361	
0.139448	0.150106	0.0220756	0.20988	-1.11616	-1.0353	
0.139286	0.15012	0.0219238	0.208877	-1.11557	-1.03451	
0.139124	0.150135	0.0217721	0.207875	-1.11498	-1.03372	
0.138962	0.150149	0.0216206	0.206876	-1.11438	-1.03293	
0.1388	0.150164	0.0214691	0.205879	-1.11379	-1.03214	
0.138638	0.150178	0.0213177	0.204885	-1.1132	-1.03136	
0.138476	0.150193	0.0211664	0.203893	-1.11261	-1.03058	
0.138313	0.150207	0.0210152	0.202903	-1.11201	-1.0298	
0.13815	0.150222	0.0208641	0.201915	-1.11142	-1.02902	
0.137988	0.150237	0.0207131	0.20093	-1.11083	-1.02825	
0.137825	0.150251	0.0205623	0.199947	-1.11023	-1.02748	
0.137662	0.150266	0.0204115	0.198967	-1.10964	-1.02671	
0.137499	0.150281	0.0202608	0.197988	-1.10904	-1.02594	
0.137336	0.150296	0.0201102	0.197012	-1.10845	-1.02518	
0.137172	0.150311	0.0199597	0.196038	-1.10785	-1.02442	
0.137009	0.150326	0.0198094	0.195067	-1.10726	-1.02366	
0.136846	0.15034	0.0196591	0.194097	-1.10666	-1.0229	
0.136682	0.150355	0.0195089	0.19313	-1.10606	-1.02215	
0.136518	0.15037	0.0193589	0.192166	-1.10547	-1.02139	
0.136354	0.150385	0.0192089	0.191203	-1.10487	-1.02064	
0.13619	0.1504	0.019059	0.190242	-1.10427	-1.0199	
0.136026	0.150415	0.0189093	0.189284	-1.10368	-1.01915	
0.135862	0.150431	0.0187596	0.188328	-1.10308	-1.01841	
0.135698	0.150446	0.01861	0.187374	-1.10248	-1.01767	
0.135533	0.150461	0.0184606	0.186423	-1.10188	-1.01693	
0.135369	0.150476	0.0183112	0.185473	-1.10128	-1.0162	
0.135204	0.150491	0.018162	0.184526	-1.10068	-1.01546	
0.135039	0.150507	0.0180128	0.183581	-1.10009	-1.01473	
0.134874	0.150522	0.0178638	0.182638	-1.09949	-1.014	
0.134709	0.150537	0.0177148	0.181697	-1.09889	-1.01328	
0.134544	0.150553	0.017566	0.180758	-1.09829	-1.01255	
0.134379	0.150568	0.0174173	0.179822	-1.09769	-1.01183	
0.134213	0.150583	0.0172686	0.178887	-1.09709	-1.01111	
0.134048	0.150599	0.0171201	0.177955	-1.09648	-1.01039	
0.133882	0.150614	0.0169717	0.177025	-1.09588	-1.00968	
0.133717	0.15063	0.0168233	0.176097	-1.09528	-1.00897	
0.133551	0.150646	0.0166751	0.175171	-1.09468	-1.00826	
0.133385	0.150661	0.016527	0.174247	-1.09408	-1.00755	
0.133219	0.150677	0.016379	0.173325	-1.09348	-1.00684	
0.133053	0.150693	0.0162311	0.172405	-1.09287	-1.00614	
0.132886	0.150708	0.0160833	0.171487	-1.09227	-1.00544	
0.13272	0.150724	0.0159356	0.170572	-1.09167	-1.00474	
0.132554	0.15074	0.015788	0.169658	-1.09106	-1.00404	
0.132387	0.150756	0.0156405	0.168747	-1.09046	-1.00334	
0.13222	0.150771	0.0154931	0.167837	-1.08986	-1.00265	
0.132053	0.150787	0.0153458	0.16693	-1.08925	-1.00196	
0.131886	0.150803	0.0151986	0.166024	-1.08865	-1.00127	
0.131719	0.150819	0.0150516	0.165121	-1.08804	-1.00058	
0.131552	0.150835	0.0149046	0.164219	-1.08744	-0.9999	
0.131385	0.150851	0.0147577	0.16332	-1.08683	-0.999218	
0.131218	0.150867	0.0146109	0.162422	-1.08623	-0.998538	
0.13105	0.150883	0.0144643	0.161527	-1.08562	-0.99786	
0.130882	0.1509	0.0143177	0.160633	-1.08502	-0.997184	
0.130715	0.150916	0.0141713	0.159742	-1.08441	-0.996511	
0.130547	0.150932	0.0140249	0.158852	-1.0838	-0.995839	
0.130379	0.150948	0.0138787	0.157965	-1.0832	-0.99517	
0.130211	0.150964	0.0137326	0.157079	-1.08259	-0.994503	
0.130043	0.150981	0.0135865	0.156195	-1.08198	-0.993837	
0.129874	0.150997	0.0134406	0.155313	-1.08137	-0.993174	
0.129706	0.151013	0.0132948	0.154434	-1.08077	-0.992513	
0.129537	0.15103	0.0131491	0.153556	-1.08016	-0.991854	
0.129369	0.151046	0.0130035	0.15268	-1.07955	-0.991197	
0.1292	0.151063	0.012858	0.151806	-1.07894	-0.990543	
0.129031	0.151079	0.0127126	0.150933	-1.07833	-0.98989	
0.128862	0.151096	0.0125673	0.150063	-1.07772	-0.989239	
0.128693	0.151112	0.0124221	0.149195	-1.07712	-0.98859	
0.128524	0.151129	0.0122771	0.148328	-1.07651	-0.987944	
0.128355	0.151145	0.0121321	0.147464	-1.0759	-0.987299	
0.128185	0.151162	0.0119872	0.146601	-1.07529	-0.986657	
0.128016	0.151179	0.0118425	0.14574	-1.07468	-0.986016	
0.127846	0.151195	0.0116978	0.144881	-1.07407	-0.985377	
0.127676	0.151212	0.0115533	0.144024	-1.07346	-0.984741	
0.127506	0.151229	0.0114088	0.143168	-1.07284	-0.984106	
0.127336	0.151246	0.0112645	0.142315	-1.07223	-0.983474	
0.127166	0.151263	0.0111203	0.141463	-1.07162	-0.982843	
0.126996	0.15128	0.0109762	0.140613	-1.07101	-0.982214	
0.126826	0.151297	0.0108322	0.139765	-1.0704	-0.981588	
0.126655	0.151314	0.0106883	0.138919	-1.06979	-0.980963	
0.126485	0.151331	0.0105445	0.138075	-1.06918	-0.98034	
0.126314	0.151348	0.0104008	0.137232	-1.06856	-0.979719	
0.126143	0.151365	0.0102572	0.136391	-1.06795	-0.9791	
0.125973	0.151382	0.0101137	0.135552	-1.06734	-0.978484	
0.125802	0.151399	0.00997035	0.134715	-1.06672	-0.977869	
0.125631	0.151416	0.00982709	0.13388	-1.06611	-0.977255	
0.125459	0.151433	0.00968394	0.133046	-1.0655	-0.976644	
0.125288	0.151451	0.0095409	0.132214	-1.06488	-0.976035	
0.125117	0.151468	0.00939797	0.131384	-1.06427	-0.975428	
0.124945	0.151485	0.00925514	0.130555	-1.06366	-0.974822	
0.124774	0.151502	0.00911242	0.129729	-1.06304	-0.974219	
0.124602	0.15152	0.00896981	0.128904	-1.06243	-0.973617	
0.12443	0.151537	0.00882731	0.128081	-1.06181	-0.973018	
0.124258	0.151555	0.00868491	0.127259	-1.0612	-0.97242	
0.124086	0.151572	0.00854262	0.126439	-1.06058	-0.971824	
0.123914	0.15159	0.00840045	0.125621	-1.05997	-0.97123	
0.123742	0.151607	0.00825838	0.124805	-1.05935	-0.970637	
0.123569	0.151625	0.00811642	0.12399	-1.05873	-0.970047	
0.123397	0.151642	0.00797456	0.123177	-1.05812	-0.969458	
0.123224	0.15166	0.00783282	0.122366	-1.0575	-0.968872	
0.123051	0.151678	0.00769119	0.121557	-1.05689	-0.968287	
0.122878	0.151695	0.00754966	0.120749	-1.05627	-0.967704	
0.122706	0.151713	0.00740825	0.119943	-1.05565	-0.967122	
0.122533	0.151731	0.00726694	0.119138	-1.05504	-0.966543	
0.122359	0.151749	0.00712574	0.118335	-1.05442	-0.965965	
0.122186	0.151767	0.00698465	0.117534	-1.0538	-0.96539	
0.122013	0.151785	0.00684367	0.116734	-1.05318	-0.964816	
0.121839	0.151802	0.0067028	0.115937	-1.05257	-0.964243	
0.121666	0.15182	0.00656204	0.11514	-1.05195	-0.963673	
0.121492	0.151838	0.00642139	0.114346	-1.05133	-0.963105	
0.121318	0.151856	0.00628085	0.113553	-1.05071	-0.962538	
0.121144	0.151874	0.00614042	0.112761	-1.05009	-0.961973	
0.12097	0.151893	0.0060001	0.111971	-1.04947	-0.961409	
0.120796	0.151911	0.00585989	0.111183	-1.04885	-0.960848	
0.120622	0.151929	0.00571978	0.110397	-1.04824	-0.960288	
0.120448	0.151947	0.00557979	0.109612	-1.04762	-0.95973	
0.120273	0.151965	0.00543991	0.108828	-1.047	-0.959174	
0.120099	0.151984	0.00530014	0.108047	-1.04638	-0.958619	
0.119924	0.152002	0.00516048	0.107266	-1.04576	-0.958067	
0.119749	0.15202	0.00502093	0.106488	-1.04514	-0.957516	
0.119574	0.152039	0.00488149	0.105711	-1.04452	-0.956966	
0.119399	0.152057	0.00474216	0.104935	-1.0439	-0.956419	
0.119224	0.152075	0.00460294	0.104161	-1.04328	-0.955873	
0.119049	0.152094	0.00446384	0.103389	-1.04265	-0.955329	
0.118874	0.152112	0.00432484	0.102618	-1.04203	-0.954786	
0.118698	0.152131	0.00418595	0.101849	-1.04141	-0.954245	
0.118523	0.152149	0.00404718	0.101081	-1.04079	-0.953706	
0.118347	0.152168	0.00390851	0.100315	-1.04017	-0.953169	
0.118172	0.152187	0.00376996	0.0995503	-1.03955	-0.952633	
0.117996	0.152205	0.00363152	0.0987872	-1.03893	-0.952099	
0.11782	0.152224	0.00349319	0.0980256	-1.0383	-0.951567	
0.117644	0.152243	0.00335497	0.0972655	-1.03768	-0.951036	
0.117468	0.152262	0.00321687	0.0965069	-1.03706	-0.950507	
0.117291	0.15228	0.00307887	0.0957498	-1.03644	-0.94998	
0.117115	0.152299	0.00294099	0.0949942	-1.03581	-0.949454	
0.116939	0.152318	0.00280322	0.0942401	-1.03519	-0.94893	
0.116762	0.152337	0.00266556	0.0934875	-1.03457	-0.948408	
0.116585	0.152356	0.00252801	0.0927364	-1.03394	-0.947887	
0.116408	0.152375	0.00239057	0.0919867	-1.03332	-0.947368	
0.116232	0.152394	0.00225325	0.0912386	-1.0327	-0.94685	
0.116055	0.152413	0.00211604	0.0904919	-1.03207	-0.946335	
0.115878	0.152432	0.00197894	0.0897466	-1.03145	-0.94582	
0.1157	0.152451	0.00184195	0.0890028	-1.03083	-0.945308	
0.115523	0.15247	0.00170508	0.0882605	-1.0302	-0.944797	
0.115346	0.152489	0.00156832	0.0875196	-1.02958	-0.944287	
0.115168	0.152509	0.00143167	0.0867802	-1.02895	-0.943779	
0.11499	0.152528	0.00129513	0.0860421	-1.02833	-0.943273	
0.114813	0.152547	0.00115871	0.0853056	-1.0277	-0.942768	
0.114635	0.152567	0.00102239	0.0845704	-1.02708	-0.942265	
0.114457	0.152586	0.000886197	0.0838367	-1.02645	-0.941764	
0.114279	0.152605	0.000750112	0.0831044	-1.02583	-0.941264	
0.114101	0.152625	0.000614139	0.0823735	-1.0252	-0.940766	
0.113923	0.152644	0.000478281	0.081644	-1.02458	-0.940269	
0.113744	0.152664	0.000342535	0.0809159	-1.02395	-0.939774	
0.113566	0.152683	0.000206902	0.0801892	-1.02333	-0.93928	
0.113387	0.152703	7.13834e-05	0.0794639	-1.0227	-0.938788	
0.113209	0.152722	-6.40221e-05	0.07874	-1.02207	-0.938297	
0.11303	0.152742	-0.000199314	0.0780175	-1.02145	-0.937808	
0.112851	0.152762	-0.000334492	0.0772964	-1.02082	-0.937321	
0.112672	0.152781	-0.000469557	0.0765766	-1.02019	-0.936835	
0.112493	0.152801	-0.000604508	0.0758582	-1.01957	-0.93635	
0.112314	0.152821	-0.000739345	0.0751412	-1.01894	-0.935868	
0.112134	0.152841	-0.000874068	0.0744255	-1.01831	-0.935386	
0.111955	0.15286	-0.00100868	0.0737112	-1.01768	-0.934906	
0.111776	0.15288	-0.00114317	0.0729983	-1.01706	-0.934428	
0.111596	0.1529	-0.00127755	0.0722866	-1.01643	-0.933951	
0.111416	0.15292	-0.00141182	0.0715764	-1.0158	-0.933476	
0.111236	0.15294	-0.00154597	0.0708674	-1.01517	-0.933002	
0.111057	0.15296	-0.00168001	0.0701598	-1.01455	-0.93253	
0.110877	0.15298	-0.00181393	0.0694536	-1.01392	-0.932059	
0.110696	0.153	-0.00194774	0.0687486	-1.01329	-0.931589	
0.110516	0.15302	-0.00208143	0.068045	-1.01266	-0.931121	
0.110336	0.153041	-0.00221501	0.0673427	-1.01203	-0.930655	
0.110156	0.153061	-0.00234848	0.0666417	-1.0114	-0.93019	
0.109975	0.153081	-0.00248182	0.065942	-1.01078	-0.929726	
0.109794	0.153101	-0.00261506	0.0652436	-1.01015	-0.929264	
0.109614	0.153121	-0.00274818	0.0645465	-1.00952	-0.928804	
0.109433	0.153142	-0.00288118	0.0638507	-1.00889	-0.928345	
0.109252	0.153162	-0.00301407	0.0631562	-1.00826	-0.927887	
0.109071	0.153182	-0.00314684	0.0624629	-1.00763	-0.927431	
0.10889	0.153203	-0.0032795	0.061771	-1.007	-0.926976	
0.108709	0.153223	-0.00341204	0.0610803	-1.00637	-0.926523	
0.108527	0.153244	-0.00354447	0.0603909	-1.00574	-0.926071	
0.108346	0.153264	-0.00367678	0.0597028	-1.00511	-0.92562	
0.108164	0.153285	-0.00380898	0.0590159	-1.00448	-0.925171	
0.107983	0.153305	-0.00394106	0.0583303	-1.00385	-0.924723	
0.107801	0.153326	-0.00407302	0.0576459	-1.00322	-0.924277	
0.107619	0.153347	-0.00420487	0.0569628	-1.00259	-0.923832	
0.107437	0.153367	-0.0043366	0.0562809	-1.00196	-0.923389	
0.107255	0.153388	-0.00446822	0.0556003	-1.00133	-0.922947	
0.107073	0.153409	-0.00459972	0.0549209	-1.0007	-0.922506	
0.106891	0.15343	-0.0047311	0.0542427	-1.00006	-0.922067	
0.106708	0.153451	-0.00486237	0.0535658	-0.999434	-0.921629	
0.106526	0.153471	-0.00499352	0.0528901	-0.998802	-0.921193	
0.106343	0.153492	-0.00512455	0.0522156	-0.998171	-0.920758	
0.106161	0.153513	-0.00525547	0.0515423	-0.997539	-0.920324	
0.105978	0.153534	-0.00538627	0.0508703	-0.996908	-0.919892	
