-0.2	0.25	-0.7	-1.7	0	0	0	
-0.199644	0.250027	-0.700181	-1.6996	3.31005e-05	2.48342e-05	-2.78689e-06	
-0.199288	0.250057	-0.70036	-1.6992	6.54807e-05	5.03525e-05	-4.51235e-06	
-0.198893	0.250121	-0.700532	-1.69886	9.73619e-05	8.60627e-05	1.07395e-05	
-0.198574	0.250112	-0.700716	-1.69839	0.0001285	0.000108613	-9.18734e-06	
-0.198218	0.250139	-0.700894	-1.69799	0.000163434	0.000133074	-1.16349e-05	
-0.197859	0.250168	-0.701074	-1.69759	0.000197002	0.000159603	-1.49671e-05	
-0.197505	0.250189	-0.701252	-1.69718	0.000228575	0.000193039	-1.28124e-05	
-0.197148	0.250217	-0.701431	-1.69678	0.00026443	0.000218073	-1.1884e-05	
-0.196792	0.250246	-0.701611	-1.69638	0.000294382	0.000244963	-1.58454e-05	
-0.196434	0.250272	-0.701789	-1.69597	0.00033097	0.00026997	-1.81968e-05	
-0.196078	0.250298	-0.701967	-1.69557	0.000359528	0.000304074	-1.84266e-05	
-0.195725	0.250327	-0.702148	-1.69517	0.000394335	0.000321766	-2.33052e-05	
-0.195365	0.250354	-0.702327	-1.69477	0.00042268	0.000357621	-2.574e-05	
-0.195007	0.250385	-0.702505	-1.69437	0.000457058	0.000382561	-2.67183e-05	
-0.194654	0.25041	-0.702683	-1.69396	0.000491599	0.000407155	-2.92068e-05	
-0.194297	0.250437	-0.702862	-1.69356	0.000525635	0.000433068	-2.88652e-05	
-0.193937	0.250465	-0.703042	-1.69316	0.000559804	0.000460456	-2.879e-05	
-0.193583	0.250492	-0.703223	-1.69276	0.000587624	0.000488489	-3.52264e-05	
-0.193227	0.250516	-0.703401	-1.69235	0.000624347	0.000513315	-3.57837e-05	
-0.192867	0.250546	-0.703578	-1.69195	0.000653211	0.000548028	-3.76801e-05	
-0.192516	0.250573	-0.703759	-1.69155	0.000686748	0.000566109	-4.1347e-05	
-0.192157	0.250596	-0.703936	-1.69115	0.000722357	0.000599608	-3.85844e-05	
-0.1918	0.250625	-0.704113	-1.69074	0.000756188	0.000625089	-4.15282e-05	
-0.191441	0.250653	-0.704294	-1.69035	0.000787664	0.000653628	-4.08215e-05	
-0.191088	0.250679	-0.704475	-1.68994	0.000814179	0.000682244	-4.58127e-05	
-0.190731	0.250706	-0.704653	-1.68953	0.00084939	0.000707184	-5.04006e-05	
-0.190373	0.250732	-0.704832	-1.68913	0.00088363	0.000734615	-5.0658e-05	
-0.190017	0.250763	-0.705013	-1.68873	0.000916064	0.000754035	-5.65255e-05	
-0.189658	0.250786	-0.705191	-1.68833	0.000949146	0.000788655	-5.32451e-05	
-0.189303	0.250816	-0.705371	-1.68793	0.000983243	0.000807278	-5.87413e-05	
-0.188949	0.250841	-0.705551	-1.68752	0.00101375	0.000835303	-6.15248e-05	
-0.188593	0.250868	-0.70573	-1.68712	0.00104672	0.00086111	-6.34749e-05	
-0.188236	0.250893	-0.70591	-1.68672	0.00107796	0.000890126	-6.48762e-05	
-0.187875	0.25092	-0.706087	-1.68632	0.00110941	0.000925071	-6.53313e-05	
-0.187519	0.250949	-0.706266	-1.68592	0.00114726	0.000942688	-6.36461e-05	
-0.187161	0.250971	-0.706444	-1.68552	0.00117855	0.00097856	-6.29366e-05	
-0.186807	0.251001	-0.706625	-1.68511	0.00121027	0.00099827	-6.78327e-05	
-0.186452	0.251028	-0.706804	-1.68471	0.00124033	0.00102564	-7.09074e-05	
-0.186095	0.251053	-0.706981	-1.6843	0.00127863	0.00105049	-7.22862e-05	
-0.185739	0.251079	-0.707164	-1.6839	0.00131036	0.00107259	-7.63381e-05	
-0.18538	0.251104	-0.707342	-1.6835	0.0013396	0.00110861	-7.63028e-05	
-0.185023	0.251133	-0.707522	-1.6831	0.00137496	0.00112816	-8.09399e-05	
-0.184667	0.251159	-0.7077	-1.6827	0.00140948	0.00115467	-8.00201e-05	
-0.184312	0.251186	-0.70788	-1.68229	0.00143676	0.00118358	-8.42066e-05	
-0.183955	0.251211	-0.708058	-1.68189	0.0014723	0.00120997	-8.68081e-05	
-0.183597	0.251239	-0.708238	-1.68149	0.00150041	0.00123986	-8.96998e-05	
-0.183243	0.251264	-0.708416	-1.68108	0.00154076	0.00125655	-8.843e-05	
-0.182886	0.251291	-0.708596	-1.68068	0.00157068	0.00128561	-9.10756e-05	
-0.182529	0.251316	-0.708776	-1.68028	0.00160174	0.00131434	-9.51084e-05	
-0.182172	0.251342	-0.708955	-1.67987	0.00163349	0.00134257	-9.75228e-05	
-0.181814	0.25137	-0.709136	-1.67948	0.00166842	0.00136341	-9.66766e-05	
-0.181458	0.251394	-0.709314	-1.67907	0.00170201	0.00139079	-9.88882e-05	
-0.181099	0.251419	-0.709494	-1.67867	0.00172596	0.00142985	-0.000101158	
-0.180746	0.251444	-0.709672	-1.67827	0.00176486	0.00144771	-0.000102531	
-0.180387	0.251473	-0.709851	-1.67786	0.00179478	0.00147603	-0.000105589	
-0.18003	0.251496	-0.710028	-1.67746	0.0018319	0.00150283	-0.000102661	
-0.179675	0.251522	-0.71021	-1.67706	0.00186452	0.00152404	-0.0001078	
-0.179315	0.251548	-0.71039	-1.67666	0.00189465	0.00155471	-0.000110218	
-0.178961	0.251576	-0.710568	-1.67625	0.00193178	0.00157266	-0.000112268	
-0.178604	0.251603	-0.71075	-1.67585	0.00195665	0.0016047	-0.000117185	
-0.178246	0.251627	-0.710929	-1.67545	0.0019902	0.0016333	-0.000114088	
-0.177886	0.251653	-0.711106	-1.67505	0.00202603	0.00166053	-0.000117081	
-0.177532	0.251679	-0.711288	-1.67465	0.00205698	0.00168251	-0.000119589	
-0.177176	0.251706	-0.711466	-1.67424	0.00208832	0.00171043	-0.000121255	
-0.17682	0.251729	-0.711646	-1.67384	0.00211782	0.00174021	-0.000124278	
-0.176462	0.251759	-0.711826	-1.67344	0.00215237	0.0017609	-0.000124949	
-0.176106	0.251783	-0.712008	-1.67303	0.00218549	0.00178364	-0.000129967	
-0.175745	0.251808	-0.712183	-1.67264	0.00221716	0.00181961	-0.000127296	
-0.17539	0.251832	-0.712364	-1.67223	0.00225299	0.00184079	-0.000128436	
-0.175034	0.25186	-0.712545	-1.67183	0.00228355	0.00186264	-0.000135165	
-0.174676	0.251885	-0.712721	-1.67143	0.00232062	0.00188921	-0.00013399	
-0.174322	0.251907	-0.712901	-1.67102	0.00234983	0.00191938	-0.000135824	
-0.173964	0.251935	-0.713081	-1.67062	0.00238298	0.00194095	-0.00013615	
-0.173605	0.251961	-0.71326	-1.67022	0.00241433	0.00197102	-0.000141568	
-0.173246	0.251987	-0.713438	-1.66982	0.00244727	0.00199988	-0.000141688	
-0.172893	0.252011	-0.713621	-1.66941	0.00247457	0.00202416	-0.000144854	
-0.172537	0.252037	-0.7138	-1.66901	0.00251177	0.00204394	-0.00014504	
-0.172145	0.252102	-0.713973	-1.66868	0.00254284	0.00207563	-0.00012781	
-0.171821	0.252088	-0.714158	-1.6682	0.00257773	0.00209476	-0.000151801	
-0.171466	0.252112	-0.714336	-1.6678	0.00260842	0.00212351	-0.000152599	
-0.171107	0.252137	-0.714515	-1.6674	0.00263933	0.00215373	-0.000153881	
-0.170751	0.252163	-0.714695	-1.667	0.00267366	0.00217542	-0.000156748	
-0.170395	0.252188	-0.714875	-1.66659	0.00270887	0.00219656	-0.000158135	
-0.170035	0.252216	-0.715055	-1.66619	0.00273457	0.0022294	-0.000159121	
-0.169678	0.252238	-0.715232	-1.66579	0.00276965	0.00225781	-0.000160359	
-0.169322	0.252267	-0.715416	-1.66539	0.00280219	0.00227357	-0.000164504	
-0.168968	0.252289	-0.715594	-1.66498	0.00283214	0.00230332	-0.000167852	
-0.168608	0.252311	-0.715771	-1.66458	0.00286928	0.00233207	-0.000166691	
-0.168253	0.252338	-0.715954	-1.66418	0.00289539	0.00235679	-0.000171283	
-0.167898	0.252363	-0.716134	-1.66377	0.00292966	0.00237869	-0.000172338	
-0.167537	0.252386	-0.716313	-1.66337	0.00296195	0.00241024	-0.00017378	
-0.167182	0.252415	-0.716493	-1.66297	0.00299297	0.00243176	-0.000177737	
-0.166824	0.252439	-0.716672	-1.66257	0.00303037	0.00245353	-0.000175548	
-0.166466	0.252463	-0.716852	-1.66217	0.00305852	0.00248584	-0.000177554	
-0.166108	0.252491	-0.717031	-1.66177	0.00309195	0.00250789	-0.000182024	
-0.165752	0.252515	-0.717212	-1.66136	0.00312449	0.00253107	-0.000184181	
-0.165395	0.252537	-0.71739	-1.66096	0.00315653	0.00256122	-0.000180976	
-0.165038	0.252562	-0.717568	-1.66056	0.00319334	0.00258195	-0.000186953	
-0.16468	0.252586	-0.717749	-1.66015	0.00321863	0.0026159	-0.00018851	
-0.16432	0.252613	-0.717927	-1.65975	0.00325645	0.00263731	-0.000190708	
-0.163968	0.252635	-0.718108	-1.65935	0.00328809	0.00265984	-0.000192473	
-0.163612	0.252659	-0.71829	-1.65894	0.00331904	0.00268427	-0.000195665	
-0.163254	0.252684	-0.718466	-1.65854	0.00335134	0.00271396	-0.000194377	
-0.162893	0.252711	-0.718646	-1.65814	0.00338539	0.00273756	-0.00019757	
-0.16254	0.252734	-0.718829	-1.65774	0.00341233	0.00276271	-0.000201134	
-0.16218	0.252761	-0.719007	-1.65734	0.00344936	0.0027847	-0.000200602	
-0.161823	0.252783	-0.719188	-1.65693	0.00347538	0.00281892	-0.000203148	
-0.161469	0.252807	-0.719367	-1.65653	0.00350836	0.00284038	-0.000205292	
-0.161108	0.252835	-0.719548	-1.65613	0.00353974	0.00286556	-0.000207973	
-0.160752	0.25286	-0.719727	-1.65573	0.00357404	0.00288788	-0.000209263	
-0.160395	0.25288	-0.719906	-1.65532	0.00360535	0.00291951	-0.000208158	
-0.160035	0.252905	-0.720085	-1.65492	0.00364025	0.00294333	-0.000212432	
-0.159681	0.25293	-0.720265	-1.65452	0.00367063	0.00296635	-0.000213982	
-0.159322	0.252954	-0.720443	-1.65411	0.00370783	0.00298919	-0.000218372	
-0.158965	0.252979	-0.720624	-1.65371	0.00373956	0.00301306	-0.000219094	
-0.158608	0.253004	-0.720803	-1.65331	0.00377253	0.00303655	-0.00022129	
-0.158253	0.253025	-0.720984	-1.65291	0.00380477	0.00306113	-0.00022124	
-0.157893	0.25305	-0.721165	-1.6525	0.00382874	0.00309637	-0.000224861	
-0.157538	0.253072	-0.721343	-1.6521	0.00386515	0.00311825	-0.000225798	
-0.157182	0.2531	-0.721526	-1.6517	0.00389677	0.00313566	-0.000228825	
-0.156823	0.253123	-0.721705	-1.6513	0.00392506	0.00316888	-0.000230198	
-0.156465	0.253151	-0.721883	-1.6509	0.00395853	0.00319157	-0.000231209	
-0.156108	0.253174	-0.722063	-1.65049	0.00399142	0.00321557	-0.000232832	
-0.155751	0.253196	-0.722243	-1.65009	0.00402482	0.0032398	-0.000239749	
-0.155392	0.25322	-0.722423	-1.64969	0.00405905	0.00326439	-0.000237776	
-0.155038	0.253243	-0.722603	-1.64928	0.00408827	0.00328927	-0.00024227	
-0.154679	0.253265	-0.722782	-1.64888	0.004125	0.00331307	-0.000243293	
-0.154322	0.253289	-0.722963	-1.64848	0.00415559	0.00333854	-0.000244179	
-0.153963	0.253315	-0.723141	-1.64808	0.00418924	0.00336192	-0.000247417	
-0.153609	0.25334	-0.723323	-1.64767	0.00421568	0.00338803	-0.000245759	
-0.153249	0.253363	-0.723503	-1.64727	0.004249	0.00341392	-0.000247362	
-0.152892	0.253387	-0.72368	-1.64687	0.00428627	0.00343562	-0.000249412	
-0.152534	0.25341	-0.723862	-1.64647	0.00431473	0.00346277	-0.000252261	
-0.152175	0.253437	-0.724041	-1.64607	0.0043462	0.00348758	-0.000254634	
-0.151818	0.253459	-0.724222	-1.64566	0.00437712	0.00351368	-0.000257613	
-0.151462	0.253481	-0.724402	-1.64526	0.00440997	0.00353852	-0.000255454	
-0.151104	0.253505	-0.72458	-1.64486	0.00444517	0.00356188	-0.000259469	
-0.15075	0.253526	-0.724762	-1.64445	0.00447248	0.00358857	-0.000262233	
-0.15039	0.253553	-0.724942	-1.64405	0.00450191	0.00361503	-0.000266444	
-0.15003	0.253577	-0.725118	-1.64365	0.0045406	0.00363793	-0.000264626	
-0.149646	0.253632	-0.725293	-1.64331	0.00457337	0.00366439	-0.0002495	
-0.149317	0.25362	-0.725476	-1.64284	0.00460503	0.00368686	-0.000268226	
-0.14896	0.253646	-0.725662	-1.64244	0.00463163	0.0037088	-0.00027196	
-0.148603	0.253669	-0.725839	-1.64204	0.00466805	0.00373186	-0.00027137	
-0.148247	0.253692	-0.726019	-1.64163	0.00469771	0.00375742	-0.000276855	
-0.147888	0.253718	-0.726199	-1.64123	0.00472841	0.00378356	-0.000276325	
-0.147532	0.25374	-0.726383	-1.64083	0.00476008	0.00380335	-0.000280346	
-0.147172	0.253762	-0.726559	-1.64043	0.00479112	0.00383664	-0.000279844	
-0.146814	0.253786	-0.72674	-1.64002	0.00482715	0.00385366	-0.000284917	
-0.146458	0.253811	-0.72692	-1.63962	0.00485567	0.00387994	-0.000285382	
-0.1461	0.253832	-0.727097	-1.63922	0.00489277	0.00390349	-0.000286689	
-0.145741	0.253856	-0.727278	-1.63882	0.00492221	0.00393113	-0.000290264	
-0.145383	0.253882	-0.727459	-1.63842	0.00495585	0.00394952	-0.000291628	
-0.145028	0.253902	-0.727637	-1.63801	0.00498956	0.0039736	-0.000292416	
-0.144671	0.253927	-0.727818	-1.63761	0.00501628	0.00400143	-0.000294332	
-0.144312	0.253947	-0.727997	-1.6372	0.00505094	0.00402686	-0.000298255	
-0.143952	0.253972	-0.728178	-1.6368	0.00507934	0.00405544	-0.000299461	
-0.143598	0.253995	-0.728359	-1.6364	0.00511217	0.00407349	-0.000303111	
-0.143238	0.254018	-0.728539	-1.636	0.00514327	0.00410069	-0.000301709	
-0.142884	0.25404	-0.72872	-1.63559	0.00517875	0.00411762	-0.000305527	
-0.142527	0.254063	-0.728901	-1.63519	0.00520511	0.00414627	-0.000307427	
-0.142168	0.254084	-0.729079	-1.63479	0.00524016	0.00417191	-0.000307681	
-0.14181	0.254109	-0.729258	-1.63439	0.00527099	0.00419775	-0.000310605	
-0.141451	0.254134	-0.72944	-1.63399	0.00530257	0.00421847	-0.000313393	
-0.141095	0.254154	-0.72962	-1.63358	0.00533428	0.00424485	-0.000315599	
-0.140735	0.254175	-0.729799	-1.63318	0.00536644	0.00427239	-0.000315682	
-0.140376	0.254201	-0.729979	-1.63278	0.00539438	0.00430013	-0.000318314	
-0.140022	0.254221	-0.730158	-1.63237	0.005433	0.0043161	-0.00031848	
-0.13966	0.254247	-0.730337	-1.63198	0.0054627	0.00434456	-0.00032042	
-0.139304	0.254269	-0.730519	-1.63157	0.00549507	0.00436414	-0.000323909	
-0.138948	0.254288	-0.730699	-1.63116	0.00552666	0.00439124	-0.000325975	
-0.13859	0.254316	-0.730881	-1.63077	0.00555601	0.00441159	-0.000325923	
-0.138235	0.254335	-0.731061	-1.63036	0.0055924	0.00442957	-0.00033102	
-0.137874	0.254357	-0.731239	-1.62996	0.00561951	0.00446554	-0.000331925	
-0.137517	0.254383	-0.731419	-1.62956	0.00565289	0.00448428	-0.000333436	
-0.137161	0.254404	-0.731601	-1.62915	0.00568524	0.00450453	-0.000336608	
-0.136804	0.254427	-0.73178	-1.62875	0.00572138	0.00452209	-0.000338273	
-0.136445	0.254449	-0.731963	-1.62835	0.00574606	0.0045536	-0.000340571	
-0.136087	0.254469	-0.732139	-1.62794	0.00578295	0.00457795	-0.000339556	
-0.135729	0.254494	-0.73232	-1.62754	0.00581423	0.00459863	-0.000345714	
-0.135369	0.254517	-0.732499	-1.62714	0.00584568	0.00462597	-0.000343915	
-0.135013	0.254537	-0.732681	-1.62674	0.00587868	0.00464656	-0.000345514	
-0.134656	0.25456	-0.732861	-1.62633	0.00590477	0.00467587	-0.000350185	
-0.134297	0.25458	-0.733038	-1.62593	0.00594035	0.00470155	-0.000349969	
-0.13394	0.254607	-0.733222	-1.62553	0.00597323	0.00471475	-0.000353087	
-0.133583	0.254627	-0.733401	-1.62512	0.00600366	0.0047421	-0.000356584	
-0.133223	0.254649	-0.733579	-1.62472	0.00603517	0.0047703	-0.000356857	
-0.132867	0.254674	-0.733762	-1.62432	0.00606293	0.0047921	-0.000358333	
-0.132509	0.254696	-0.733941	-1.62392	0.00609928	0.00481112	-0.000361565	
-0.132153	0.254719	-0.734123	-1.62351	0.0061299	0.00483169	-0.000363135	
-0.131792	0.254741	-0.734303	-1.62312	0.00615892	0.00486164	-0.000362469	
-0.131436	0.254763	-0.734483	-1.62271	0.00619218	0.00488129	-0.000366827	
-0.131076	0.254784	-0.734662	-1.62231	0.0062241	0.00491	-0.000366288	
-0.130717	0.254805	-0.734842	-1.62191	0.0062593	0.00493029	-0.000369981	
-0.13036	0.254828	-0.735024	-1.6215	0.00628881	0.00495211	-0.000371871	
-0.130004	0.25485	-0.735205	-1.6211	0.00631964	0.00497346	-0.000375134	
-0.129646	0.254869	-0.735384	-1.62069	0.00634987	0.0050023	-0.00037697	
-0.129288	0.254893	-0.735563	-1.62029	0.00638538	0.00502073	-0.000381209	
-0.128929	0.254915	-0.735744	-1.61989	0.00641104	0.00505196	-0.000377885	
-0.128569	0.254936	-0.735924	-1.61949	0.00644679	0.00507268	-0.000380565	
-0.128214	0.254959	-0.736103	-1.61908	0.00647931	0.00509168	-0.000385615	
-0.127856	0.254978	-0.736282	-1.61868	0.00650856	0.00512171	-0.000387565	
-0.127495	0.255001	-0.736464	-1.61828	0.0065411	0.00514434	-0.000386406	
-0.127139	0.255025	-0.736645	-1.61788	0.00656974	0.00516578	-0.000391331	
-0.126782	0.255044	-0.736824	-1.61747	0.00660619	0.00518524	-0.000391045	
-0.126423	0.255069	-0.737005	-1.61707	0.00663686	0.00520729	-0.000395233	
-0.126063	0.255089	-0.737185	-1.61667	0.00666593	0.00523792	-0.000393277	
-0.125708	0.25511	-0.737363	-1.61626	0.00670054	0.00525679	-0.000398308	
-0.125352	0.255131	-0.737546	-1.61586	0.00672727	0.00528048	-0.000398276	
-0.124988	0.255153	-0.737724	-1.61546	0.00676081	0.00531011	-0.000401675	
-0.124633	0.255173	-0.737906	-1.61506	0.00679057	0.00533249	-0.000401676	
-0.124276	0.255195	-0.738085	-1.61465	0.00682342	0.00535273	-0.000403875	
-0.123916	0.255218	-0.738265	-1.61425	0.00685631	0.00537459	-0.000407844	
-0.123558	0.255237	-0.738446	-1.61385	0.00688951	0.00539706	-0.000408448	
-0.1232	0.255261	-0.738627	-1.61345	0.0069186	0.00541969	-0.000410184	
-0.122841	0.255282	-0.738806	-1.61305	0.0069472	0.00544977	-0.000410461	
-0.122454	0.25534	-0.73898	-1.61271	0.00698129	0.00547252	-0.000391665	
-0.122126	0.255325	-0.739164	-1.61224	0.00701235	0.00549149	-0.000415208	
-0.121767	0.255344	-0.739346	-1.61184	0.0070449	0.005515	-0.000415315	
-0.121408	0.255367	-0.739528	-1.61144	0.00707336	0.00553866	-0.000416406	
-0.121054	0.255387	-0.739708	-1.61103	0.00710412	0.00555991	-0.000419542	
-0.120697	0.255411	-0.73989	-1.61063	0.00713749	0.00557428	-0.000423343	
-0.120334	0.255432	-0.740069	-1.61023	0.00716727	0.00560627	-0.000424804	
-0.119977	0.255454	-0.74025	-1.60982	0.00720375	0.00561928	-0.00042861	
-0.11962	0.255473	-0.740429	-1.60942	0.00723044	0.0056503	-0.000429476	
-0.11926	0.255495	-0.740611	-1.60902	0.00725975	0.00567443	-0.000430994	
-0.118905	0.255515	-0.74079	-1.60861	0.00729206	0.00569562	-0.000430698	
-0.118546	0.255535	-0.74097	-1.60821	0.00732411	0.00571872	-0.000434767	
-0.118187	0.255555	-0.74115	-1.60781	0.00735794	0.00574096	-0.000437536	
-0.117829	0.25558	-0.741329	-1.60741	0.00738842	0.0057628	-0.000437121	
-0.117469	0.255602	-0.741511	-1.60701	0.00741691	0.0057882	-0.000440169	
-0.117112	0.255621	-0.741692	-1.6066	0.00744816	0.00581082	-0.000442637	
-0.116754	0.255643	-0.741874	-1.6062	0.00748227	0.00582637	-0.000444494	
-0.116397	0.255663	-0.742051	-1.60579	0.00751799	0.0058463	-0.000450366	
-0.116037	0.255683	-0.742231	-1.60539	0.00754424	0.00587896	-0.000447681	
-0.115682	0.255704	-0.742414	-1.60499	0.0075758	0.00589487	-0.000449073	
-0.115319	0.255729	-0.742594	-1.60459	0.00760712	0.00591897	-0.000452971	
-0.114962	0.255747	-0.742774	-1.60419	0.0076397	0.00594176	-0.000454129	
-0.114605	0.255764	-0.742953	-1.60378	0.00767367	0.00596403	-0.000456532	
-0.114245	0.255787	-0.743133	-1.60338	0.0077025	0.00598845	-0.000459819	
-0.113886	0.255807	-0.743315	-1.60298	0.00773169	0.00601347	-0.000459592	
-0.113527	0.255829	-0.743494	-1.60258	0.00776398	0.00603633	-0.000461457	
-0.113169	0.255847	-0.743674	-1.60217	0.00779593	0.00606028	-0.000463663	
-0.112811	0.25587	-0.743854	-1.60177	0.00782442	0.00608397	-0.000463513	
-0.112423	0.255928	-0.744028	-1.60143	0.00786515	0.00609866	-0.000447829	
-0.112094	0.25591	-0.744215	-1.60096	0.00789117	0.00612271	-0.000469779	
-0.111733	0.255932	-0.744394	-1.60056	0.00792291	0.00614668	-0.000472483	
-0.111378	0.255953	-0.744575	-1.60016	0.00795043	0.0061701	-0.000472551	
-0.111021	0.255971	-0.744757	-1.59975	0.00798541	0.00618634	-0.000476896	
-0.110663	0.255992	-0.744937	-1.59935	0.0080148	0.00621058	-0.000478579	
-0.110301	0.256014	-0.745117	-1.59895	0.00804465	0.00623619	-0.00048071	
-0.109943	0.256034	-0.745295	-1.59855	0.00807752	0.00625884	-0.000480881	
-0.109581	0.256055	-0.745474	-1.59815	0.00811072	0.00628297	-0.000482834	
-0.109229	0.256072	-0.745659	-1.59774	0.00813915	0.00630061	-0.000486286	
-0.10887	0.256094	-0.745839	-1.59734	0.00816882	0.0063254	-0.000484518	
-0.10851	0.256113	-0.746019	-1.59693	0.00819922	0.00635013	-0.00048775	
-0.108151	0.256133	-0.746197	-1.59653	0.00823171	0.00637382	-0.00048828	
-0.107761	0.256192	-0.746373	-1.5962	0.00826851	0.00639269	-0.000471271	
-0.107435	0.256176	-0.746561	-1.59573	0.00829619	0.00640722	-0.000493883	
-0.107073	0.256194	-0.746739	-1.59533	0.0083227	0.00644181	-0.000496001	
-0.106717	0.256212	-0.746918	-1.59492	0.00835441	0.00646512	-0.000496242	
-0.10636	0.256234	-0.747102	-1.59451	0.00838971	0.00647405	-0.000503544	
-0.106001	0.256258	-0.747281	-1.59412	0.00841805	0.00649877	-0.000503774	
-0.105641	0.256275	-0.747459	-1.59371	0.00845368	0.00652192	-0.000504187	
-0.10528	0.256296	-0.74764	-1.59331	0.00848223	0.00654906	-0.000505051	
-0.104924	0.256315	-0.747821	-1.59291	0.00851531	0.0065654	-0.00050785	
-0.104565	0.256334	-0.748004	-1.5925	0.0085397	0.00659373	-0.000509719	
-0.104208	0.256355	-0.748181	-1.5921	0.00857733	0.00660729	-0.000515585	
-0.103849	0.256374	-0.748362	-1.5917	0.00860525	0.00663399	-0.00051575	
-0.103492	0.256394	-0.748545	-1.59129	0.00863678	0.00665179	-0.000517128	
-0.103128	0.256416	-0.748723	-1.59089	0.00866834	0.00667764	-0.000519636	
-0.10277	0.256433	-0.748902	-1.59049	0.00870122	0.00670213	-0.000519182	
-0.102414	0.256456	-0.749083	-1.59009	0.00873184	0.0067188	-0.000521963	
-0.102054	0.256474	-0.749264	-1.58969	0.00875973	0.00674635	-0.000521605	
-0.101695	0.256497	-0.749445	-1.58928	0.00879229	0.00676378	-0.000525794	
-0.101337	0.256515	-0.749627	-1.58888	0.00882457	0.00678226	-0.000530156	
-0.100978	0.256537	-0.749806	-1.58848	0.00885228	0.00680818	-0.000527151	
-0.100619	0.256551	-0.749985	-1.58807	0.00888593	0.00683339	-0.000531009	
-0.100262	0.256573	-0.750165	-1.58767	0.00891804	0.00685023	-0.00053267	
-0.099903	0.256591	-0.750348	-1.58727	0.00894895	0.00687008	-0.000535195	
-0.099543	0.256614	-0.750529	-1.58687	0.00897467	0.00689779	-0.000532685	
-0.0991848	0.25663	-0.750705	-1.58646	0.00900893	0.00692123	-0.000538674	
-0.0988266	0.256653	-0.750887	-1.58606	0.00903972	0.00693942	-0.000538306	
-0.0984373	0.256706	-0.751063	-1.58572	0.00906924	0.00696943	-0.000519779	
-0.0981066	0.25669	-0.751248	-1.58526	0.00909967	0.00698597	-0.000542716	
-0.0977489	0.256709	-0.751427	-1.58485	0.00913482	0.00700236	-0.000545354	
-0.0973879	0.256729	-0.751608	-1.58445	0.00916084	0.00703109	-0.000548949	
-0.0970324	0.256749	-0.751789	-1.58404	0.0091921	0.00704849	-0.000550454	
-0.0966733	0.256769	-0.75197	-1.58364	0.00922388	0.00706721	-0.000552267	
-0.0963144	0.256789	-0.75215	-1.58324	0.00925711	0.00708534	-0.000555063	
-0.0959555	0.256803	-0.75233	-1.58284	0.00928867	0.00711236	-0.000555394	
-0.0955951	0.256825	-0.752513	-1.58244	0.00931713	0.0071334	-0.000556255	
-0.0952355	0.256846	-0.75269	-1.58203	0.0093475	0.0071586	-0.000559458	
-0.0948754	0.256866	-0.752871	-1.58163	0.00937889	0.00717841	-0.000562215	
-0.0945192	0.256883	-0.753051	-1.58123	0.00941267	0.00719568	-0.000566584	
-0.0941597	0.256903	-0.753231	-1.58083	0.00943951	0.00722388	-0.000561467	
-0.0938019	0.256922	-0.753413	-1.58042	0.00946858	0.00724403	-0.000563692	
-0.0934424	0.256939	-0.753592	-1.58002	0.00950582	0.00726139	-0.000570265	
-0.0930832	0.25696	-0.753777	-1.57962	0.00953021	0.00728441	-0.000570267	
-0.0927244	0.256981	-0.753954	-1.57922	0.00956603	0.00730064	-0.000572292	
-0.0923349	0.25704	-0.754132	-1.57888	0.00959566	0.00732435	-0.000551195	
-0.0920065	0.257015	-0.754313	-1.57841	0.00962781	0.00734702	-0.000576928	
-0.0916479	0.257033	-0.754495	-1.578	0.00965812	0.00736754	-0.00058054	
-0.0912898	0.257056	-0.754677	-1.5776	0.00968559	0.00738755	-0.000578486	
-0.0909314	0.257072	-0.754857	-1.5772	0.00971884	0.00740682	-0.000583895	
-0.0905684	0.257094	-0.755036	-1.5768	0.0097462	0.00743585	-0.000582815	
-0.0902122	0.257111	-0.755217	-1.57639	0.00977645	0.00745557	-0.000582501	
-0.0898526	0.257134	-0.7554	-1.57599	0.00980964	0.00746756	-0.000589707	
-0.0894952	0.257148	-0.755578	-1.57558	0.00984069	0.00749436	-0.000591011	
-0.0891342	0.257168	-0.755756	-1.57518	0.00987616	0.0075125	-0.000593597	
-0.088777	0.257185	-0.755939	-1.57478	0.009904	0.00753425	-0.000594794	
-0.0884129	0.257206	-0.756118	-1.57438	0.00993277	0.00756357	-0.000594574	
-0.0880559	0.257221	-0.756299	-1.57398	0.00996361	0.00758403	-0.000597473	
-0.0876697	0.257283	-0.756477	-1.57364	0.0099957	0.00759821	-0.000574608	
-0.0873388	0.257262	-0.756661	-1.57317	0.0100273	0.00761521	-0.000603212	
-0.0869804	0.257279	-0.756843	-1.57277	0.0100551	0.00763782	-0.000604132	
-0.0866207	0.257299	-0.757024	-1.57236	0.0100862	0.00765818	-0.000606765	
-0.0862595	0.257317	-0.757201	-1.57196	0.0101172	0.00768581	-0.000606217	
-0.0859019	0.257337	-0.757382	-1.57156	0.0101447	0.007707	-0.000606524	
-0.0855443	0.257355	-0.757563	-1.57115	0.0101815	0.00771754	-0.00061414	
-0.0851832	0.257371	-0.757744	-1.57075	0.0102079	0.00774891	-0.000610547	
-0.0848262	0.257388	-0.757923	-1.57035	0.010239	0.00776862	-0.000615622	
-0.0844671	0.257408	-0.758105	-1.56995	0.0102736	0.00778085	-0.000617156	
-0.0841086	0.257428	-0.758287	-1.56954	0.0103004	0.00780332	-0.000619106	
-0.0837483	0.257445	-0.758465	-1.56914	0.0103357	0.00782259	-0.000622108	
-0.0833884	0.257461	-0.758644	-1.56873	0.0103634	0.00785208	-0.000625489	
-0.0830266	0.25748	-0.758824	-1.56834	0.0103944	0.00787409	-0.00062531	
-0.0826721	0.2575	-0.759008	-1.56793	0.0104227	0.00788774	-0.000624761	
-0.0823074	0.25752	-0.759183	-1.56753	0.0104563	0.00791517	-0.000626878	
-0.081948	0.257538	-0.759365	-1.56713	0.0104839	0.00793821	-0.000630974	
-0.0815887	0.257555	-0.759546	-1.56673	0.0105137	0.00796015	-0.000631944	
-0.0812312	0.257574	-0.759728	-1.56632	0.0105462	0.00797358	-0.000636134	
-0.0808741	0.257592	-0.75991	-1.56592	0.0105727	0.00799628	-0.000634253	
-0.0805121	0.257609	-0.760085	-1.56551	0.0106065	0.00802298	-0.00063823	
-0.0801532	0.257628	-0.760269	-1.56511	0.0106363	0.00803843	-0.000639684	
-0.0797929	0.257647	-0.76045	-1.56471	0.0106661	0.00806116	-0.000637846	
-0.0794349	0.257664	-0.760627	-1.56431	0.0106994	0.00808006	-0.0006421	
-0.0790784	0.257683	-0.760812	-1.5639	0.0107265	0.00809608	-0.000643567	
-0.0787148	0.2577	-0.760992	-1.5635	0.0107593	0.00811914	-0.00064722	
-0.0783555	0.25772	-0.761171	-1.5631	0.0107896	0.00814015	-0.000646976	
-0.0779979	0.257735	-0.761352	-1.5627	0.0108192	0.00816248	-0.000650431	
-0.0776352	0.257755	-0.76153	-1.5623	0.0108516	0.00818409	-0.000651018	
-0.0772814	0.257771	-0.761714	-1.56189	0.0108791	0.00819927	-0.000653714	
-0.0769189	0.25779	-0.761892	-1.56149	0.0109146	0.0082195	-0.000655721	
-0.0765601	0.257805	-0.762074	-1.56108	0.0109421	0.00824364	-0.000659073	
-0.0762	0.257824	-0.762252	-1.56068	0.0109735	0.00826508	-0.000660111	
-0.0758398	0.257847	-0.762436	-1.56028	0.0110004	0.00828202	-0.00065896	
-0.0754814	0.257859	-0.762616	-1.55987	0.0110325	0.00830407	-0.00066436	
-0.0751236	0.257877	-0.762795	-1.55947	0.0110612	0.00832602	-0.000664965	
-0.0747623	0.257897	-0.762975	-1.55907	0.0110906	0.00834924	-0.000665654	
-0.0744011	0.257915	-0.763154	-1.55867	0.0111215	0.00837176	-0.00066701	
-0.0740432	0.25793	-0.763337	-1.55826	0.0111534	0.00838738	-0.000670953	
-0.073684	0.257948	-0.763517	-1.55786	0.0111886	0.00840064	-0.000675677	
-0.0733252	0.257966	-0.763697	-1.55746	0.011217	0.0084236	-0.000676034	
-0.0729628	0.257984	-0.763877	-1.55706	0.0112461	0.00844782	-0.000676465	
-0.0726059	0.258002	-0.764058	-1.55665	0.0112787	0.0084615	-0.000680118	
-0.0722458	0.258021	-0.76424	-1.55625	0.0113038	0.00848685	-0.000678731	
-0.071884	0.258037	-0.764418	-1.55585	0.0113367	0.00850939	-0.00068218	
-0.0714947	0.258096	-0.764596	-1.55552	0.0113684	0.00852781	-0.000660093	
-0.0711675	0.258074	-0.764782	-1.55504	0.0113965	0.00854045	-0.000686104	
-0.0708081	0.258089	-0.764961	-1.55464	0.0114269	0.00856339	-0.000688275	
-0.0704451	0.258106	-0.765141	-1.55424	0.011458	0.00858759	-0.000690526	
-0.0700894	0.258123	-0.765323	-1.55383	0.0114866	0.00860326	-0.000690833	
-0.0697269	0.258139	-0.765502	-1.55343	0.0115197	0.00862657	-0.000696184	
-0.0693647	0.258159	-0.76568	-1.55303	0.0115501	0.00864953	-0.000697504	
-0.0690078	0.258177	-0.765864	-1.55263	0.0115754	0.00866755	-0.000695714	
-0.0686491	0.258194	-0.766045	-1.55222	0.0116084	0.00868281	-0.000699313	
-0.0682891	0.258207	-0.766223	-1.55182	0.0116408	0.00870574	-0.000703384	
-0.0679258	0.258228	-0.766403	-1.55142	0.0116695	0.00873028	-0.000702757	
-0.0675695	0.258243	-0.766584	-1.55101	0.0117002	0.00874586	-0.000704338	
-0.0672082	0.258264	-0.766764	-1.55061	0.0117318	0.00876253	-0.000709047	
-0.0668487	0.25828	-0.766946	-1.55021	0.0117567	0.00878896	-0.000705378	
-0.0664887	0.258295	-0.767126	-1.54981	0.0117892	0.00880824	-0.000709922	
-0.0661286	0.258313	-0.767306	-1.5494	0.0118185	0.00882966	-0.000710128	
-0.0657714	0.258329	-0.767488	-1.549	0.011848	0.00884665	-0.000712309	
-0.0654086	0.258348	-0.767668	-1.5486	0.0118791	0.00886661	-0.000714955	
-0.0650493	0.258365	-0.767846	-1.54819	0.0119121	0.00888555	-0.000718674	
-0.0646906	0.258382	-0.768029	-1.54779	0.0119384	0.00890564	-0.000717942	
-0.0643284	0.258399	-0.768208	-1.54739	0.0119731	0.00892393	-0.000723703	
-0.0639691	0.258413	-0.768389	-1.54699	0.0120012	0.00894754	-0.000723587	
-0.0636095	0.258431	-0.768569	-1.54658	0.0120327	0.00896436	-0.000726787	
-0.0632513	0.258449	-0.76875	-1.54618	0.0120594	0.0089849	-0.000724912	
-0.0628925	0.258466	-0.768929	-1.54578	0.0120933	0.00899914	-0.000731008	
-0.0625314	0.25848	-0.769111	-1.54537	0.0121192	0.00902759	-0.000728274	
-0.0621716	0.2585	-0.769293	-1.54497	0.0121491	0.00904231	-0.000731134	
-0.0618097	0.258516	-0.769472	-1.54457	0.012179	0.0090666	-0.00073215	
-0.0614492	0.258533	-0.769652	-1.54417	0.0122109	0.00908483	-0.000735582	
-0.0610898	0.25855	-0.769832	-1.54376	0.0122442	0.00909871	-0.000741399	
-0.0607301	0.258566	-0.770011	-1.54336	0.0122718	0.00912406	-0.000739659	
-0.0603734	0.258583	-0.770194	-1.54296	0.0123021	0.00913643	-0.00074259	
-0.0600107	0.2586	-0.770373	-1.54255	0.0123313	0.00916113	-0.000742753	
-0.0596494	0.258617	-0.770553	-1.54215	0.0123621	0.0091807	-0.000746069	
-0.059293	0.258632	-0.770734	-1.54175	0.0123956	0.00919306	-0.000751868	
-0.0589323	0.258647	-0.770913	-1.54134	0.0124222	0.00921969	-0.000749469	
-0.0585695	0.258665	-0.771095	-1.54094	0.0124499	0.00924225	-0.000748913	
-0.0582114	0.258681	-0.771277	-1.54054	0.01248	0.00925851	-0.00075157	
-0.0578529	0.258696	-0.771457	-1.54013	0.012511	0.0092765	-0.000754278	
-0.0574888	0.258715	-0.771634	-1.53974	0.0125432	0.00929834	-0.000757797	
-0.057129	0.258732	-0.771817	-1.53933	0.0125699	0.00931845	-0.000756812	
-0.0567725	0.258746	-0.771997	-1.53893	0.0126047	0.0093295	-0.000764596	
-0.0564117	0.25876	-0.772177	-1.53852	0.0126329	0.00935479	-0.00076405	
-0.0560508	0.258778	-0.772355	-1.53812	0.0126644	0.0093733	-0.000766699	
-0.0556906	0.258797	-0.77254	-1.53772	0.0126893	0.00939208	-0.000764614	
-0.0553319	0.25881	-0.77272	-1.53731	0.0127216	0.00940958	-0.000769076	
-0.0549691	0.258829	-0.7729	-1.53691	0.0127496	0.00943276	-0.000767874	
-0.0546111	0.258841	-0.773079	-1.53651	0.0127839	0.00944852	-0.000775039	
-0.0542491	0.258859	-0.773258	-1.53611	0.0128142	0.00946914	-0.000776913	
-0.0538914	0.258875	-0.773442	-1.5357	0.0128389	0.00948881	-0.000773616	
-0.05353	0.258892	-0.77362	-1.5353	0.0128713	0.00950766	-0.00077774	
-0.053168	0.258913	-0.773803	-1.5349	0.012899	0.00952518	-0.000777857	
-0.0528089	0.258924	-0.773982	-1.5345	0.0129322	0.00954302	-0.000783761	
-0.0524494	0.25894	-0.77416	-1.53409	0.0129622	0.00956452	-0.000784337	
-0.0520888	0.258954	-0.774342	-1.53369	0.0129909	0.00958528	-0.000786161	
-0.0517282	0.258972	-0.774523	-1.53329	0.0130231	0.00959844	-0.000791131	
-0.0513684	0.25899	-0.774704	-1.53288	0.0130502	0.00961767	-0.000789777	
-0.0510084	0.259007	-0.774885	-1.53248	0.0130783	0.00963866	-0.000788794	
-0.0506476	0.259022	-0.775063	-1.53208	0.0131129	0.00965437	-0.000796717	
-0.0502548	0.259077	-0.775241	-1.53175	0.0131429	0.00967979	-0.000772126	
-0.0499272	0.259051	-0.775424	-1.53127	0.0131715	0.00969258	-0.000800319	
-0.0495664	0.259069	-0.775606	-1.53087	0.0131975	0.00971386	-0.000797616	
-0.0492032	0.259083	-0.775784	-1.53047	0.0132293	0.0097376	-0.000801259	
-0.0488447	0.259101	-0.775967	-1.53007	0.013258	0.00975023	-0.000802908	
-0.0484839	0.259116	-0.776146	-1.52966	0.0132867	0.00977318	-0.000802681	
-0.0481241	0.259131	-0.776326	-1.52926	0.0133166	0.00979265	-0.000804611	
-0.0477655	0.259146	-0.776507	-1.52885	0.013348	0.00980694	-0.00080872	
-0.0474029	0.259162	-0.776687	-1.52845	0.0133792	0.00982582	-0.000812732	
-0.0470447	0.259176	-0.776867	-1.52805	0.0134064	0.00984873	-0.000810618	
-0.0466842	0.259192	-0.777048	-1.52764	0.0134342	0.0098685	-0.000810587	
-0.0463236	0.259211	-0.777229	-1.52724	0.0134651	0.00988153	-0.000813598	
-0.0459635	0.259226	-0.777409	-1.52684	0.0134947	0.00990038	-0.000815638	
-0.045603	0.259239	-0.777588	-1.52644	0.0135252	0.00992181	-0.000818027	
-0.0452088	0.259296	-0.777764	-1.52611	0.0135585	0.00994359	-0.00079723	
-0.0448817	0.259273	-0.77795	-1.52563	0.0135849	0.00995361	-0.000823003	
-0.044519	0.259287	-0.778129	-1.52523	0.0136117	0.0099813	-0.000820689	
-0.0441579	0.259301	-0.77831	-1.52483	0.0136457	0.00999437	-0.000829386	
-0.0437977	0.25932	-0.778491	-1.52443	0.0136714	0.0100137	-0.000825897	
-0.0434368	0.259333	-0.778671	-1.52402	0.0137014	0.0100353	-0.000828149	
-0.0430757	0.259349	-0.778849	-1.52362	0.0137343	0.0100511	-0.000833409	
-0.0427188	0.259364	-0.779033	-1.52321	0.0137616	0.0100659	-0.000833518	
-0.0423543	0.259381	-0.779211	-1.52281	0.0137896	0.0100922	-0.000831811	
-0.0419963	0.259392	-0.779391	-1.52241	0.0138237	0.0101044	-0.000841098	
-0.0416357	0.259411	-0.779573	-1.52201	0.0138491	0.0101239	-0.000836759	
-0.0412746	0.259423	-0.779753	-1.5216	0.0138787	0.0101458	-0.000839047	
-0.0409129	0.259439	-0.779932	-1.5212	0.0139108	0.0101626	-0.000843909	
-0.0405541	0.259457	-0.780114	-1.5208	0.0139391	0.0101769	-0.000844375	
-0.040191	0.25947	-0.780295	-1.52039	0.0139708	0.0101956	-0.000850318	
-0.0398308	0.259484	-0.780473	-1.51999	0.0140002	0.0102168	-0.000850989	
-0.0394682	0.259501	-0.780653	-1.51959	0.0140299	0.0102356	-0.000853289	
-0.0391121	0.259517	-0.780835	-1.51918	0.0140569	0.010249	-0.000851139	
-0.0387514	0.259529	-0.781016	-1.51878	0.0140868	0.0102685	-0.000854885	
-0.0383902	0.259544	-0.781196	-1.51838	0.0141138	0.0102916	-0.000852465	
-0.0380289	0.259558	-0.781375	-1.51797	0.0141472	0.0103078	-0.000859476	
-0.0376665	0.259576	-0.781557	-1.51757	0.0141756	0.0103243	-0.0008611	
-0.037307	0.25959	-0.781736	-1.51717	0.0142055	0.0103422	-0.000863035	
-0.0369432	0.259604	-0.781915	-1.51677	0.0142351	0.0103655	-0.000864453	
-0.0365859	0.259619	-0.782096	-1.51636	0.0142619	0.0103842	-0.000861645	
-0.0362243	0.259633	-0.782276	-1.51596	0.0142935	0.0103999	-0.000867488	
-0.0358639	0.259648	-0.782457	-1.51556	0.014321	0.0104197	-0.000866547	
-0.0355046	0.259663	-0.782639	-1.51515	0.0143496	0.0104353	-0.000867606	
-0.0351409	0.259679	-0.782819	-1.51475	0.0143777	0.0104571	-0.000868126	
-0.0347806	0.259696	-0.782998	-1.51435	0.0144094	0.0104712	-0.000872345	
-0.0344174	0.25971	-0.783178	-1.51395	0.0144391	0.0104922	-0.000875155	
-0.0340591	0.259722	-0.783358	-1.51354	0.0144708	0.0105069	-0.000880377	
-0.033698	0.259736	-0.783539	-1.51314	0.0144974	0.0105287	-0.000878283	
-0.0333367	0.259754	-0.783719	-1.51274	0.0145267	0.0105446	-0.000879059	
-0.0329764	0.259767	-0.783899	-1.51233	0.0145599	0.0105571	-0.000888136	
-0.032615	0.259778	-0.784077	-1.51193	0.0145885	0.0105823	-0.000888167	
-0.0322532	0.259798	-0.78426	-1.51153	0.0146146	0.0105976	-0.000885502	
-0.0318942	0.25981	-0.78444	-1.51112	0.0146453	0.0106143	-0.000889474	
-0.0315297	0.259826	-0.784617	-1.51072	0.0146772	0.0106349	-0.000894231	
-0.031169	0.259839	-0.784799	-1.51032	0.0147037	0.0106552	-0.000892748	
-0.0308083	0.259857	-0.78498	-1.50992	0.014733	0.0106688	-0.00089412	
-0.0304482	0.259869	-0.785162	-1.50951	0.014761	0.0106883	-0.000894845	
-0.0300877	0.259885	-0.785341	-1.50911	0.0147915	0.0107028	-0.000898401	
-0.0297282	0.259895	-0.785522	-1.50871	0.0148211	0.0107215	-0.000900952	
-0.0293648	0.259912	-0.785702	-1.50831	0.0148522	0.0107372	-0.000906346	
-0.0290057	0.259927	-0.785881	-1.5079	0.0148801	0.0107559	-0.000904596	
-0.0286457	0.25994	-0.786064	-1.5075	0.0149066	0.0107739	-0.000903491	
-0.0282821	0.259953	-0.786241	-1.5071	0.0149397	0.0107923	-0.000910981	
-0.0279211	0.259969	-0.786421	-1.50669	0.014969	0.0108088	-0.000912956	
-0.0275609	0.259984	-0.786602	-1.50629	0.0149944	0.0108303	-0.000907324	
-0.0271982	0.259996	-0.786784	-1.50589	0.0150228	0.0108496	-0.000910202	
-0.026839	0.26001	-0.786964	-1.50548	0.0150546	0.010861	-0.000916279	
-0.0264768	0.260026	-0.787146	-1.50508	0.0150813	0.0108804	-0.000914324	
-0.0261162	0.260037	-0.787322	-1.50468	0.0151139	0.0108995	-0.000920525	
-0.0257546	0.260052	-0.787503	-1.50427	0.0151421	0.010918	-0.000920737	
-0.0253941	0.260067	-0.787684	-1.50387	0.0151711	0.0109332	-0.000922835	
-0.025033	0.26008	-0.787863	-1.50347	0.0152006	0.0109518	-0.000925189	
-0.0246694	0.260095	-0.788044	-1.50307	0.0152301	0.0109681	-0.000929081	
-0.0243103	0.260109	-0.788225	-1.50266	0.0152566	0.0109874	-0.0009256	
-0.0239472	0.260123	-0.788405	-1.50226	0.0152873	0.0110039	-0.000931239	
-0.0235885	0.260135	-0.788585	-1.50186	0.015315	0.0110232	-0.000929874	
-0.023226	0.260153	-0.788765	-1.50146	0.0153444	0.0110388	-0.00093092	
-0.0228643	0.260165	-0.788944	-1.50105	0.0153726	0.0110595	-0.000931321	
-0.0225037	0.260178	-0.789125	-1.50065	0.0154016	0.0110767	-0.000933586	
-0.0221407	0.260193	-0.789307	-1.50025	0.0154305	0.0110918	-0.000937374	
-0.0217793	0.260208	-0.789485	-1.49984	0.0154624	0.0111067	-0.000942277	
-0.0214218	0.260221	-0.789667	-1.49944	0.0154891	0.0111213	-0.000940815	
-0.0210586	0.260233	-0.789847	-1.49904	0.0155197	0.0111399	-0.000946583	
-0.0206948	0.260249	-0.790025	-1.49864	0.0155481	0.0111618	-0.000945377	
-0.0203337	0.260261	-0.790206	-1.49823	0.0155757	0.0111811	-0.000945524	
-0.0199722	0.260277	-0.790386	-1.49783	0.0156056	0.0111956	-0.000948011	
-0.0196115	0.260288	-0.790566	-1.49742	0.0156344	0.011215	-0.000950247	
-0.0192506	0.260302	-0.790745	-1.49702	0.0156656	0.0112286	-0.000954839	
-0.0188901	0.260317	-0.790929	-1.49662	0.0156908	0.011244	-0.000952604	
-0.018528	0.260329	-0.791105	-1.49621	0.015723	0.0112645	-0.000957309	
-0.0181665	0.260345	-0.791286	-1.49581	0.0157507	0.0112785	-0.000958034	
-0.0178059	0.260357	-0.791468	-1.49541	0.0157777	0.0112966	-0.000957327	
-0.0174431	0.260371	-0.791647	-1.49501	0.0158065	0.0113174	-0.00095775	
-0.0170818	0.260385	-0.791826	-1.4946	0.0158363	0.0113332	-0.000960413	
-0.0167192	0.260398	-0.792009	-1.4942	0.015864	0.01135	-0.000963252	
-0.0163583	0.260411	-0.792187	-1.4938	0.0158949	0.011366	-0.000967588	
-0.015995	0.260426	-0.792368	-1.4934	0.0159254	0.0113806	-0.00097341	
-0.0156361	0.260438	-0.792547	-1.49299	0.0159533	0.0113972	-0.000971895	
-0.0152745	0.260453	-0.792728	-1.49259	0.0159808	0.0114134	-0.000971432	
-0.0149112	0.260466	-0.792906	-1.49219	0.0160131	0.0114308	-0.000979192	
-0.0145518	0.260476	-0.793088	-1.49178	0.0160401	0.0114478	-0.000980287	
-0.0141902	0.260488	-0.793267	-1.49138	0.0160693	0.0114667	-0.000981738	
-0.0138277	0.260504	-0.79345	-1.49098	0.0160943	0.0114849	-0.000977067	
-0.0134669	0.260515	-0.793628	-1.49057	0.0161246	0.0115031	-0.000980566	
-0.0131022	0.260531	-0.793806	-1.49017	0.0161561	0.0115185	-0.000986833	
-0.0127415	0.260546	-0.793989	-1.48977	0.016183	0.0115319	-0.000985586	
-0.0123802	0.260559	-0.79417	-1.48937	0.0162102	0.0115496	-0.000984559	
-0.0120168	0.26057	-0.794347	-1.48896	0.0162415	0.0115701	-0.000991828	
-0.011656	0.260582	-0.794527	-1.48856	0.0162699	0.0115871	-0.000992448	
-0.0112964	0.260594	-0.794708	-1.48815	0.0162987	0.0116008	-0.000995226	
-0.0109314	0.260611	-0.794887	-1.48776	0.0163288	0.0116176	-0.000998463	
-0.0105738	0.260623	-0.795069	-1.48735	0.0163547	0.011632	-0.000995157	
-0.0102105	0.260634	-0.795248	-1.48695	0.016384	0.0116513	-0.000999096	
-0.00984854	0.260651	-0.795429	-1.48655	0.0164118	0.0116656	-0.000997991	
-0.00948593	0.260661	-0.795608	-1.48614	0.0164421	0.0116843	-0.00100396	
-0.00912607	0.260673	-0.79579	-1.48574	0.0164694	0.0116994	-0.00100397	
-0.00876403	0.260687	-0.795968	-1.48533	0.0164985	0.0117172	-0.0010047	
-0.00840108	0.260699	-0.79615	-1.48493	0.0165259	0.0117345	-0.001006	
-0.00803954	0.260712	-0.796327	-1.48453	0.0165559	0.0117526	-0.00100833	
-0.0076773	0.260723	-0.796508	-1.48413	0.0165842	0.0117693	-0.00101164	
-0.00731473	0.260739	-0.796688	-1.48372	0.0166146	0.0117811	-0.00101719	
-0.006953	0.260754	-0.796869	-1.48332	0.0166417	0.011797	-0.00101479	
-0.00659069	0.260762	-0.797047	-1.48292	0.0166713	0.0118173	-0.00101995	
-0.00622946	0.260776	-0.797227	-1.48251	0.0166993	0.0118334	-0.00101912	
-0.00586599	0.260792	-0.797409	-1.48211	0.016727	0.0118474	-0.00102013	
-0.00550687	0.260801	-0.79759	-1.48171	0.0167544	0.0118643	-0.00102037	
-0.00514221	0.260815	-0.797768	-1.48131	0.016783	0.0118852	-0.00102149	
-0.0047822	0.260826	-0.797946	-1.4809	0.0168128	0.0119009	-0.00102421	
-0.00442011	0.26084	-0.798127	-1.4805	0.0168424	0.0119136	-0.00102879	
-0.00405741	0.260852	-0.798306	-1.4801	0.0168725	0.0119298	-0.00103323	
-0.00369495	0.260864	-0.79849	-1.47969	0.0168967	0.0119477	-0.00103028	
-0.00329997	0.260921	-0.798664	-1.47937	0.0169303	0.0119677	-0.00100922	
-0.002973	0.260888	-0.798848	-1.47889	0.016955	0.0119768	-0.00103608	
-0.00260921	0.260901	-0.799028	-1.47848	0.0169822	0.011996	-0.00103544	
-0.00224677	0.260915	-0.799209	-1.47808	0.0170098	0.0120111	-0.00103691	
-0.00188721	0.260925	-0.799388	-1.47768	0.0170389	0.0120277	-0.00103811	
-0.00152419	0.260941	-0.799567	-1.47728	0.0170692	0.0120399	-0.00104206	
-0.0011618	0.260952	-0.799746	-1.47687	0.0170982	0.0120579	-0.00104496	
-0.000797211	0.260965	-0.799927	-1.47647	0.0171268	0.012074	-0.0010497	
-0.000436769	0.260976	-0.800107	-1.47607	0.017153	0.0120927	-0.00104614	
-7.27996e-05	0.260989	-0.800287	-1.47567	0.0171825	0.0121081	-0.00105204	
0.000286963	0.260998	-0.800466	-1.47526	0.0172097	0.0121263	-0.00105003	
0.000650162	0.261014	-0.800646	-1.47486	0.0172381	0.0121401	-0.00105076	
0.0010128	0.261025	-0.800826	-1.47446	0.0172653	0.0121597	-0.00105003	
0.00137408	0.261036	-0.801007	-1.47405	0.0172929	0.0121753	-0.00105138	
0.00176944	0.261094	-0.801181	-1.47373	0.0173254	0.0121956	-0.0010266	
0.00209799	0.26106	-0.801365	-1.47324	0.0173506	0.0122069	-0.00105678	
0.00246218	0.261076	-0.801545	-1.47284	0.0173801	0.0122184	-0.001062	
0.00283117	0.261105	-0.80172	-1.47247	0.0174107	0.0122292	-0.00105775	
0.00318628	0.261099	-0.801904	-1.47204	0.0174358	0.0122506	-0.00106366	
0.00354894	0.261109	-0.802084	-1.47163	0.0174649	0.0122666	-0.00106979	
0.00391222	0.261122	-0.802263	-1.47123	0.0174926	0.012285	-0.00106856	
0.00427287	0.261132	-0.802444	-1.47083	0.0175193	0.0123009	-0.00106769	
0.00463545	0.261145	-0.802622	-1.47042	0.0175478	0.0123187	-0.00106798	
0.00500005	0.261159	-0.802803	-1.47002	0.0175759	0.0123338	-0.00107011	
0.0053586	0.261168	-0.802985	-1.46962	0.0176036	0.0123451	-0.00107281	
0.00572248	0.261182	-0.803165	-1.46922	0.0176325	0.0123597	-0.00107646	
0.00608719	0.261195	-0.803343	-1.46882	0.0176616	0.0123785	-0.00107956	
0.00645028	0.261207	-0.803522	-1.46841	0.0176911	0.0123926	-0.00108513	
0.00681153	0.261216	-0.803703	-1.46801	0.0177162	0.0124128	-0.00108066	
0.00717382	0.261228	-0.803882	-1.4676	0.0177467	0.0124255	-0.00108736	
0.00753567	0.261239	-0.804061	-1.4672	0.017774	0.0124438	-0.00108569	
0.00789958	0.261252	-0.804242	-1.4668	0.0178009	0.0124592	-0.00108544	
0.00826056	0.261263	-0.80442	-1.46639	0.0178291	0.0124761	-0.00108528	
0.00862367	0.261275	-0.804601	-1.46599	0.0178566	0.0124911	-0.00108692	
0.00898552	0.261289	-0.804783	-1.46559	0.0178845	0.0125022	-0.0010898	
0.00934971	0.261299	-0.80496	-1.46519	0.0179129	0.0125233	-0.0010912	
0.0097106	0.261311	-0.805142	-1.46478	0.0179416	0.012533	-0.00109599	
0.0100741	0.26132	-0.805319	-1.46438	0.0179707	0.0125536	-0.00109889	
0.010433	0.261332	-0.805502	-1.46397	0.0179967	0.0125641	-0.00109687	
0.0108005	0.261346	-0.805678	-1.46358	0.0180272	0.0125839	-0.00110198	
0.0111605	0.261355	-0.805857	-1.46317	0.0180541	0.0126005	-0.0010997	
0.0115237	0.261367	-0.806037	-1.46277	0.0180838	0.0126132	-0.00110756	
0.0118864	0.261377	-0.806218	-1.46236	0.0181105	0.0126305	-0.00110696	
0.0122491	0.261392	-0.806397	-1.46196	0.018139	0.0126424	-0.00110847	
0.0126109	0.261401	-0.806577	-1.46156	0.0181664	0.0126593	-0.00110935	
0.0129749	0.261413	-0.806759	-1.46116	0.0181932	0.0126735	-0.00111164	
0.0133372	0.261426	-0.806937	-1.46075	0.0182228	0.0126876	-0.00111492	
0.0137022	0.261436	-0.807116	-1.46035	0.0182505	0.0127079	-0.00111698	
0.0140635	0.261447	-0.807294	-1.45995	0.0182807	0.0127208	-0.00112215	
0.0144246	0.261458	-0.807477	-1.45954	0.0183056	0.0127344	-0.001119	
0.0147886	0.261471	-0.807655	-1.45914	0.0183357	0.0127481	-0.00112545	
0.0151508	0.26148	-0.807835	-1.45874	0.0183615	0.0127679	-0.00112207	
0.0155128	0.261492	-0.808015	-1.45833	0.0183891	0.0127814	-0.00112119	
0.0158799	0.261505	-0.808192	-1.45793	0.0184192	0.0127994	-0.00112922	
0.0162398	0.261513	-0.808373	-1.45753	0.0184459	0.012814	-0.00112889	
0.0166355	0.261574	-0.80855	-1.45721	0.0184767	0.0128281	-0.00110234	
0.0169653	0.261537	-0.808731	-1.45672	0.0185021	0.0128427	-0.001132	
0.0173262	0.261546	-0.808914	-1.45632	0.0185287	0.0128535	-0.00113533	
0.0176908	0.261557	-0.809091	-1.45592	0.0185576	0.0128727	-0.00113737	
0.018053	0.261569	-0.809271	-1.45551	0.0185835	0.0128893	-0.00113251	
0.0184184	0.261582	-0.809451	-1.45511	0.0186116	0.0129029	-0.00113791	
0.0187807	0.261592	-0.809629	-1.45471	0.0186411	0.0129171	-0.00114339	
0.0191405	0.261604	-0.80981	-1.4543	0.0186679	0.0129277	-0.00114155	
0.0195053	0.261615	-0.809989	-1.4539	0.0186971	0.0129428	-0.00114871	
0.0198696	0.261626	-0.810168	-1.4535	0.0187238	0.0129616	-0.00114647	
0.0202323	0.261638	-0.810349	-1.4531	0.0187508	0.0129757	-0.00114619	
0.0205956	0.261648	-0.810528	-1.45269	0.018778	0.0129934	-0.0011458	
0.0209673	0.26168	-0.810703	-1.45232	0.0188066	0.0130046	-0.00113697	
0.0213212	0.261666	-0.810885	-1.45189	0.0188354	0.0130222	-0.00115731	
0.0216845	0.261679	-0.811067	-1.45148	0.0188597	0.0130371	-0.0011508	
0.0220457	0.261688	-0.811246	-1.45108	0.0188881	0.0130515	-0.00115371	
0.022409	0.261699	-0.811427	-1.45068	0.0189157	0.0130642	-0.00115799	
0.0227741	0.261712	-0.811605	-1.45028	0.0189452	0.013078	-0.00116309	
0.0231375	0.261722	-0.811784	-1.44987	0.0189707	0.013098	-0.00115819	
0.0235001	0.261731	-0.811964	-1.44947	0.0189994	0.0131113	-0.00116424	
0.0238637	0.261743	-0.812142	-1.44907	0.019027	0.0131278	-0.00116169	
0.0242254	0.261752	-0.812321	-1.44866	0.0190559	0.0131408	-0.00116916	
0.0245971	0.261784	-0.812499	-1.44829	0.019083	0.0131488	-0.00115893	
0.0249514	0.261774	-0.81268	-1.44785	0.0191094	0.0131691	-0.00116817	
0.0253151	0.261783	-0.81286	-1.44745	0.0191356	0.0131868	-0.00116781	
0.0256785	0.261796	-0.81304	-1.44705	0.0191634	0.0131976	-0.0011703	
0.0260411	0.261805	-0.813221	-1.44665	0.0191901	0.0132133	-0.00117177	
0.0264054	0.261816	-0.813398	-1.44624	0.0192189	0.0132294	-0.00117368	
0.0267682	0.261827	-0.813577	-1.44584	0.0192476	0.0132417	-0.0011775	
0.0271337	0.261836	-0.813757	-1.44544	0.0192742	0.0132611	-0.00118055	
0.0274954	0.261847	-0.813935	-1.44503	0.0193034	0.0132715	-0.00118581	
0.0278602	0.261859	-0.814115	-1.44463	0.0193293	0.0132885	-0.00118174	
0.0282228	0.261868	-0.814296	-1.44423	0.0193568	0.0133004	-0.00118777	
0.0285864	0.261879	-0.814476	-1.44383	0.0193832	0.0133155	-0.00118552	
0.0289514	0.261889	-0.814653	-1.44342	0.0194127	0.0133322	-0.00119227	
0.0293139	0.2619	-0.814833	-1.44302	0.0194396	0.0133453	-0.00119144	
0.0296768	0.26191	-0.815011	-1.44262	0.019467	0.0133611	-0.00119051	
0.0300383	0.261921	-0.815191	-1.44221	0.0194942	0.0133732	-0.00119108	
0.0304045	0.261931	-0.815369	-1.44181	0.0195237	0.0133881	-0.00120094	
0.0307669	0.261939	-0.815552	-1.44141	0.019549	0.0134018	-0.00120228	
0.0311265	0.261948	-0.815732	-1.441	0.0195747	0.0134148	-0.00119545	
0.0314925	0.261961	-0.815908	-1.4406	0.0196037	0.0134309	-0.00119842	
0.0318555	0.261972	-0.816088	-1.4402	0.0196315	0.0134431	-0.00120199	
0.032219	0.26198	-0.816266	-1.4398	0.0196596	0.0134588	-0.00120547	
0.0325843	0.261992	-0.816447	-1.43939	0.0196867	0.013472	-0.00121071	
0.0329456	0.262001	-0.816627	-1.43899	0.0197128	0.0134859	-0.00120645	
0.0333118	0.26201	-0.816805	-1.43859	0.0197407	0.0135045	-0.00121153	
0.033672	0.262018	-0.816985	-1.43818	0.0197669	0.0135175	-0.00120905	
0.0340362	0.262032	-0.817164	-1.43778	0.0197964	0.0135246	-0.00121801	
0.0344008	0.26204	-0.817343	-1.43738	0.0198226	0.013545	-0.00121524	
0.0347635	0.262049	-0.817522	-1.43697	0.0198489	0.01356	-0.00121435	
0.0351364	0.262084	-0.817697	-1.4366	0.0198781	0.0135671	-0.00120488	
0.0354926	0.26207	-0.817881	-1.43617	0.0199042	0.0135838	-0.00122497	
0.0358545	0.262077	-0.81806	-1.43576	0.0199312	0.0135996	-0.00122539	
0.0362199	0.26209	-0.818239	-1.43536	0.0199585	0.0136124	-0.00122805	
0.0365843	0.262099	-0.818419	-1.43496	0.019985	0.0136285	-0.00122975	
0.036946	0.262108	-0.818596	-1.43456	0.0200117	0.0136447	-0.00122316	
0.037309	0.262116	-0.818777	-1.43415	0.0200387	0.0136581	-0.00122624	
0.0376718	0.262128	-0.818957	-1.43375	0.0200667	0.0136664	-0.00123207	
0.0380405	0.26214	-0.819134	-1.43335	0.020095	0.0136859	-0.00123582	
0.0384019	0.262146	-0.819314	-1.43294	0.0201199	0.013702	-0.00123135	
0.0387638	0.262157	-0.819493	-1.43254	0.0201488	0.0137103	-0.00123849	
0.0391288	0.262169	-0.819673	-1.43214	0.0201747	0.0137244	-0.0012362	
0.0394949	0.262179	-0.81985	-1.43174	0.0202036	0.0137394	-0.00124312	
0.0398572	0.262186	-0.820032	-1.43133	0.0202283	0.0137531	-0.00124168	
0.0402212	0.262197	-0.820211	-1.43093	0.0202551	0.0137673	-0.0012407	
0.0405856	0.262206	-0.820389	-1.43053	0.0202821	0.0137842	-0.00124004	
0.0409493	0.262215	-0.820567	-1.43012	0.0203114	0.0137956	-0.00124969	
0.0413123	0.262224	-0.820745	-1.42972	0.0203389	0.0138099	-0.0012504	
0.0416773	0.262235	-0.820926	-1.42932	0.0203653	0.0138217	-0.00125245	
0.0420391	0.262244	-0.821104	-1.42891	0.0203929	0.0138342	-0.00125451	
0.0424048	0.262253	-0.821282	-1.42851	0.02042	0.0138515	-0.00125642	
0.0427679	0.262264	-0.821463	-1.42811	0.0204447	0.0138643	-0.00125046	
0.0431322	0.262272	-0.821642	-1.42771	0.0204721	0.013879	-0.00125413	
0.043495	0.262281	-0.821822	-1.4273	0.0204993	0.0138892	-0.00125881	
0.043858	0.26229	-0.822001	-1.4269	0.020527	0.0139013	-0.00126383	
0.044224	0.262299	-0.822181	-1.4265	0.0205519	0.0139191	-0.0012594	
0.0445856	0.262307	-0.82236	-1.42609	0.0205799	0.0139286	-0.00126578	
0.0449517	0.26232	-0.822539	-1.42569	0.0206063	0.0139433	-0.00126358	
0.0453175	0.262328	-0.822717	-1.42529	0.0206343	0.0139595	-0.00126978	
0.0456775	0.262335	-0.822896	-1.42488	0.0206604	0.013971	-0.00126809	
0.0460425	0.262347	-0.823074	-1.42448	0.0206876	0.0139849	-0.00126718	
0.0464107	0.262354	-0.823252	-1.42408	0.0207152	0.0140034	-0.00127501	
0.046773	0.262362	-0.823432	-1.42367	0.0207412	0.0140163	-0.00127453	
0.047135	0.262374	-0.823612	-1.42327	0.0207683	0.0140232	-0.00127674	
0.0475014	0.262381	-0.823791	-1.42287	0.0207943	0.0140428	-0.00127649	
0.047864	0.262391	-0.823968	-1.42246	0.0208222	0.0140544	-0.00127859	
0.048227	0.262399	-0.82415	-1.42206	0.0208477	0.0140642	-0.00128111	
0.0485937	0.262409	-0.824326	-1.42166	0.0208758	0.0140817	-0.00128306	
0.0489588	0.262419	-0.824504	-1.42126	0.0209033	0.0140956	-0.00128637	
0.0493199	0.262427	-0.824687	-1.42085	0.0209274	0.0141057	-0.00128077	
0.0496834	0.262437	-0.824865	-1.42045	0.0209552	0.0141163	-0.00128581	
0.0500509	0.262448	-0.825043	-1.42005	0.0209826	0.0141317	-0.00129034	
0.0504138	0.262452	-0.825221	-1.41964	0.0210098	0.0141483	-0.00129438	
0.0507789	0.262463	-0.825401	-1.41924	0.0210353	0.0141612	-0.00129124	
0.0511452	0.262472	-0.825578	-1.41884	0.0210633	0.014176	-0.00129706	
0.0515056	0.262481	-0.825758	-1.41843	0.0210895	0.0141852	-0.00129526	
0.0518696	0.26249	-0.825937	-1.41803	0.0211156	0.0141975	-0.00129337	
0.0522382	0.2625	-0.826115	-1.41763	0.0211433	0.0142138	-0.00130082	
0.0525995	0.262506	-0.826296	-1.41723	0.0211678	0.0142259	-0.00129972	
0.0529624	0.262514	-0.826475	-1.41682	0.0211942	0.0142385	-0.00129908	
0.0533299	0.262523	-0.826653	-1.41642	0.0212224	0.0142543	-0.00130781	
0.0536926	0.262534	-0.82683	-1.41602	0.0212504	0.0142621	-0.0013098	
0.0540579	0.262543	-0.827009	-1.41562	0.0212766	0.0142762	-0.00131038	
0.0544233	0.262551	-0.827187	-1.41521	0.0213031	0.0142923	-0.00131133	
0.0547871	0.26256	-0.827367	-1.41481	0.0213292	0.014304	-0.0013136	
0.0551512	0.262567	-0.827546	-1.4144	0.0213558	0.0143176	-0.00131584	
0.0555155	0.262574	-0.827723	-1.414	0.0213828	0.0143331	-0.00131804	
0.0558807	0.262584	-0.827905	-1.4136	0.0214068	0.0143463	-0.00131208	
0.0562449	0.262594	-0.828081	-1.4132	0.0214352	0.014358	-0.00131648	
0.0566095	0.262603	-0.828262	-1.41279	0.021461	0.014368	-0.00132127	
0.0569721	0.262608	-0.828439	-1.41239	0.021487	0.0143858	-0.0013152	
0.0573364	0.26262	-0.828619	-1.41199	0.0215144	0.014391	-0.00132259	
0.0577018	0.262626	-0.828797	-1.41158	0.0215414	0.0144077	-0.00132727	
0.0580659	0.262637	-0.828976	-1.41118	0.0215675	0.0144185	-0.00132509	
0.0584333	0.262644	-0.829155	-1.41078	0.0215938	0.0144339	-0.00133103	
0.0587966	0.26265	-0.829333	-1.41037	0.0216194	0.0144501	-0.00132787	
0.0591594	0.262659	-0.829512	-1.40997	0.021646	0.0144595	-0.00132692	
0.0595269	0.26267	-0.829689	-1.40957	0.021674	0.0144731	-0.00133502	
0.0598904	0.262677	-0.829871	-1.40917	0.0216983	0.0144837	-0.00133441	
0.0602576	0.262686	-0.830047	-1.40876	0.0217253	0.014502	-0.00133334	
0.0606195	0.262694	-0.830229	-1.40836	0.0217496	0.0145094	-0.00133399	
0.0609851	0.262702	-0.830406	-1.40796	0.0217766	0.0145244	-0.00133419	
0.0613495	0.262711	-0.830584	-1.40755	0.021805	0.0145335	-0.00134562	
0.0617136	0.262719	-0.830762	-1.40715	0.0218321	0.0145453	-0.00134709	
0.0620801	0.262725	-0.830941	-1.40675	0.0218571	0.0145635	-0.00134759	
0.0624417	0.262733	-0.831121	-1.40634	0.0218823	0.0145728	-0.00134118	
0.062808	0.262742	-0.831299	-1.40594	0.0219087	0.0145863	-0.00134386	
0.0631744	0.26275	-0.831476	-1.40554	0.0219355	0.0146018	-0.00134692	
0.0635391	0.262759	-0.831655	-1.40514	0.0219619	0.0146121	-0.00135085	
0.0639038	0.262767	-0.831834	-1.40473	0.0219888	0.0146235	-0.00135518	
0.0642681	0.262775	-0.832012	-1.40433	0.0220142	0.0146385	-0.0013499	
0.0646314	0.262782	-0.832191	-1.40392	0.0220409	0.0146476	-0.00135545	
0.0649984	0.262791	-0.83237	-1.40352	0.0220672	0.0146607	-0.00136059	
0.0653615	0.262797	-0.832548	-1.40312	0.022093	0.0146745	-0.00135653	
0.0657268	0.262806	-0.832727	-1.40272	0.0221191	0.0146845	-0.0013633	
0.0660917	0.262814	-0.832907	-1.40231	0.022144	0.0146972	-0.00136049	
0.0664587	0.262824	-0.833083	-1.40191	0.0221723	0.0147096	-0.00136854	
0.0668241	0.26283	-0.833261	-1.40151	0.0221979	0.0147263	-0.00136567	
0.0671875	0.262838	-0.833441	-1.4011	0.0222232	0.0147369	-0.00136407	
0.0675519	0.262843	-0.833618	-1.4007	0.0222504	0.0147497	-0.00137201	
0.0679185	0.262855	-0.833798	-1.4003	0.0222759	0.0147587	-0.00137296	
0.0682826	0.26286	-0.833974	-1.39989	0.0223024	0.0147753	-0.00137128	
0.0686497	0.26287	-0.834152	-1.3995	0.0223287	0.0147882	-0.00137178	
0.0690101	0.262876	-0.834333	-1.39909	0.0223541	0.0147946	-0.00137298	
0.0693764	0.262881	-0.83451	-1.39868	0.0223798	0.014813	-0.00137251	
0.069742	0.262891	-0.834687	-1.39828	0.0224064	0.014824	-0.00137461	
0.0701078	0.262899	-0.83487	-1.39788	0.0224303	0.0148334	-0.00137705	
0.0704739	0.262907	-0.835045	-1.39748	0.0224578	0.0148484	-0.00137871	
0.0708379	0.262916	-0.835223	-1.39707	0.0224848	0.0148574	-0.00138201	
0.0712045	0.262922	-0.835402	-1.39667	0.0225098	0.0148728	-0.0013844	
0.071567	0.26293	-0.835581	-1.39627	0.0225364	0.0148795	-0.00138888	
0.0719352	0.262938	-0.835757	-1.39587	0.0225637	0.0148966	-0.00139217	
0.0722996	0.262943	-0.835937	-1.39546	0.0225874	0.0149107	-0.00138572	
0.0726641	0.262953	-0.836116	-1.39506	0.0226135	0.0149177	-0.00139142	
0.0730309	0.262959	-0.836292	-1.39466	0.0226409	0.0149336	-0.00139589	
0.073395	0.262968	-0.836471	-1.39425	0.0226662	0.0149444	-0.00139194	
0.0737633	0.262976	-0.836648	-1.39385	0.0226927	0.0149585	-0.00139807	
0.0741245	0.26298	-0.83683	-1.39345	0.0227164	0.0149677	-0.00139437	
0.0744913	0.262989	-0.837008	-1.39304	0.0227425	0.0149788	-0.00140127	
0.0748543	0.262995	-0.837186	-1.39264	0.0227683	0.0149905	-0.00139846	
0.0752214	0.263002	-0.837362	-1.39224	0.0227954	0.0150047	-0.00140535	
0.0755861	0.26301	-0.837542	-1.39183	0.0228202	0.0150146	-0.00140377	
0.0759508	0.263017	-0.837721	-1.39143	0.0228453	0.0150265	-0.00140258	
0.0763177	0.263027	-0.837896	-1.39103	0.0228739	0.0150374	-0.00141157	
0.0766842	0.263036	-0.838077	-1.39063	0.0228981	0.0150475	-0.00141121	
0.0770495	0.26304	-0.838253	-1.39022	0.0229244	0.0150646	-0.00140999	
0.0774164	0.263048	-0.838431	-1.38982	0.0229493	0.0150787	-0.00140961	
0.0777779	0.263054	-0.838611	-1.38942	0.0229744	0.0150848	-0.00141074	
0.0781451	0.263059	-0.838788	-1.38901	0.0230001	0.0151021	-0.00141035	
0.0785122	0.263069	-0.838965	-1.38861	0.0230281	0.0151114	-0.00142214	
0.0788758	0.263076	-0.839146	-1.38821	0.0230523	0.0151187	-0.00142406	
0.0792412	0.263081	-0.839323	-1.3878	0.0230783	0.0151333	-0.00142524	
0.0796058	0.26309	-0.839501	-1.3874	0.0231033	0.0151429	-0.00141839	
0.079973	0.263097	-0.839681	-1.387	0.023128	0.0151566	-0.00142079	
0.0803382	0.263104	-0.839856	-1.3866	0.0231554	0.0151679	-0.00142404	
0.0807039	0.263111	-0.840037	-1.38619	0.0231797	0.0151787	-0.00142717	
0.0810675	0.263118	-0.840213	-1.38579	0.0232066	0.015187	-0.00143154	
0.0814332	0.263123	-0.840392	-1.38538	0.0232319	0.0152001	-0.00143508	
0.0818	0.263131	-0.840569	-1.38498	0.0232574	0.0152143	-0.00142944	
0.0821654	0.26314	-0.840747	-1.38458	0.0232836	0.015223	-0.00143503	
0.082533	0.263146	-0.840927	-1.38418	0.023308	0.0152363	-0.00143979	
0.0828979	0.263153	-0.841104	-1.38377	0.0233337	0.015248	-0.00143569	
0.083264	0.263159	-0.841279	-1.38337	0.0233609	0.0152618	-0.00144087	
0.0836292	0.263164	-0.84146	-1.38297	0.0233842	0.0152732	-0.00143706	
0.0839968	0.263172	-0.841637	-1.38257	0.0234102	0.0152854	-0.00144387	
0.0843602	0.263178	-0.841814	-1.38216	0.0234364	0.0152964	-0.00144089	
0.084726	0.263186	-0.841993	-1.38176	0.0234621	0.0153048	-0.00144881	
0.0850911	0.263194	-0.842171	-1.38136	0.0234871	0.0153142	-0.00144664	
0.0854566	0.2632	-0.842349	-1.38095	0.0235122	0.0153265	-0.00144484	
0.0858259	0.263208	-0.842526	-1.38055	0.0235385	0.0153405	-0.0014529	
0.0861895	0.263214	-0.842705	-1.38015	0.0235632	0.015349	-0.00145222	
0.0865565	0.263222	-0.842884	-1.37975	0.0235877	0.0153599	-0.00145165	
0.0869203	0.263227	-0.843062	-1.37934	0.0236134	0.0153707	-0.00145098	
0.0872883	0.263233	-0.843238	-1.37894	0.0236398	0.0153851	-0.00146015	
0.0876536	0.26324	-0.843417	-1.37854	0.0236642	0.0153943	-0.00146068	
0.0880192	0.263246	-0.843596	-1.37813	0.0236891	0.0154047	-0.00146082	
0.0883849	0.263252	-0.843774	-1.37773	0.0237142	0.0154171	-0.00146136	
0.088752	0.26326	-0.843949	-1.37733	0.023741	0.0154302	-0.00146282	
0.0891157	0.263265	-0.844128	-1.37692	0.0237659	0.015438	-0.00146446	
0.0894946	0.263298	-0.844303	-1.37656	0.023792	0.015448	-0.00145346	
0.0898488	0.263279	-0.844482	-1.37612	0.0238165	0.0154603	-0.00146874	
0.0902162	0.263284	-0.84466	-1.37571	0.0238417	0.0154746	-0.00147052	
0.0905819	0.26329	-0.844839	-1.37531	0.0238658	0.015485	-0.00147335	
0.0909488	0.263299	-0.845016	-1.37491	0.0238919	0.0154942	-0.00147713	
0.0913143	0.263303	-0.845195	-1.37451	0.0239157	0.0155075	-0.00146982	
0.0916815	0.263311	-0.84537	-1.3741	0.0239424	0.01552	-0.00147362	
0.0920455	0.263315	-0.84555	-1.3737	0.0239669	0.0155291	-0.00147754	
0.0924109	0.263322	-0.845726	-1.37329	0.0239931	0.0155379	-0.0014824	
0.0927779	0.263327	-0.845906	-1.37289	0.0240164	0.015552	-0.00147671	
0.0931468	0.263334	-0.846082	-1.37249	0.0240426	0.0155653	-0.00148174	
0.0935105	0.263341	-0.846259	-1.37209	0.0240687	0.0155717	-0.00148767	
0.0938758	0.263345	-0.846439	-1.37168	0.024092	0.0155833	-0.00148265	
0.0942431	0.263352	-0.846615	-1.37128	0.0241179	0.015595	-0.00148873	
0.0946098	0.263359	-0.846792	-1.37088	0.0241433	0.0156076	-0.00148506	
0.0949751	0.263366	-0.84697	-1.37047	0.0241688	0.0156149	-0.00149221	
0.0953433	0.263374	-0.847149	-1.37007	0.0241928	0.0156259	-0.00148973	
0.0957091	0.26338	-0.847325	-1.36967	0.024219	0.0156365	-0.00149648	
0.0960728	0.263381	-0.847503	-1.36926	0.0242433	0.0156492	-0.00149296	
0.0964392	0.263389	-0.847682	-1.36886	0.0242671	0.0156579	-0.00149152	
0.0968087	0.263394	-0.847857	-1.36846	0.0242935	0.015675	-0.00149847	
0.0971753	0.2634	-0.848035	-1.36806	0.0243181	0.015686	-0.00149707	
0.0975398	0.263407	-0.848215	-1.36765	0.0243419	0.0156915	-0.00149669	
0.0979074	0.263411	-0.84839	-1.36725	0.0243683	0.0157053	-0.0015047	
0.0982735	0.263421	-0.848567	-1.36685	0.024394	0.0157126	-0.00150527	
0.0986384	0.263426	-0.848745	-1.36644	0.0244187	0.0157225	-0.00150492	
0.0990069	0.263432	-0.848923	-1.36604	0.0244429	0.0157365	-0.00150433	
0.0993699	0.263437	-0.849102	-1.36564	0.0244672	0.015742	-0.001505	
0.0997386	0.263441	-0.849278	-1.36523	0.0244922	0.0157585	-0.00150445	
0.100107	0.26345	-0.849454	-1.36483	0.0245187	0.0157674	-0.00151604	
0.100474	0.263454	-0.849632	-1.36443	0.0245432	0.0157795	-0.00151651	
0.100838	0.26346	-0.849812	-1.36403	0.0245667	0.0157859	-0.00151838	
0.101206	0.263467	-0.849986	-1.36362	0.0245933	0.015799	-0.00151982	
0.101571	0.263471	-0.850165	-1.36322	0.0246174	0.0158088	-0.00152131	
0.101939	0.263476	-0.850343	-1.36282	0.0246413	0.0158209	-0.00152341	
0.102305	0.263482	-0.850519	-1.36241	0.0246665	0.0158322	-0.00151605	
0.102672	0.263488	-0.850699	-1.36201	0.0246897	0.0158409	-0.00151872	
0.103036	0.263494	-0.850876	-1.36161	0.0247153	0.0158473	-0.00152258	
0.103404	0.263502	-0.851053	-1.3612	0.0247406	0.015857	-0.00152622	
0.10377	0.263505	-0.85123	-1.3608	0.0247648	0.0158693	-0.00152896	
0.104138	0.263511	-0.851406	-1.3604	0.0247908	0.0158815	-0.00153265	
0.104504	0.263518	-0.851584	-1.36	0.0248149	0.0158885	-0.00152748	
0.104872	0.263523	-0.851764	-1.35959	0.0248381	0.0158998	-0.00153141	
0.10525	0.263556	-0.851936	-1.35923	0.0248657	0.0159077	-0.00152293	
0.105621	0.263565	-0.852114	-1.35884	0.0248885	0.0159209	-0.00151454	
0.105973	0.263539	-0.852291	-1.35838	0.0249134	0.0159344	-0.00153584	
0.10634	0.263542	-0.85247	-1.35798	0.0249367	0.0159438	-0.0015408	
0.106707	0.263548	-0.852648	-1.35758	0.0249606	0.0159544	-0.00153685	
0.107074	0.263554	-0.852824	-1.35718	0.0249859	0.0159649	-0.00154278	
0.107442	0.263559	-0.853	-1.35677	0.0250106	0.0159779	-0.00153848	
0.107807	0.263564	-0.853179	-1.35637	0.0250352	0.0159841	-0.00154537	
0.108173	0.263569	-0.853356	-1.35596	0.0250594	0.0159942	-0.00154225	
0.108538	0.263573	-0.853532	-1.35556	0.0250848	0.0160028	-0.00154918	
0.108907	0.263579	-0.85371	-1.35516	0.0251083	0.0160148	-0.00154626	
0.109276	0.263588	-0.853886	-1.35476	0.0251343	0.0160238	-0.00155475	
0.10964	0.263592	-0.854063	-1.35435	0.0251587	0.0160328	-0.00155212	
0.110007	0.263597	-0.854241	-1.35395	0.0251826	0.0160435	-0.00155022	
0.110375	0.263601	-0.854418	-1.35355	0.0252072	0.0160539	-0.00155805	
0.110753	0.263632	-0.854592	-1.35318	0.0252329	0.0160622	-0.00154258	
0.111108	0.263612	-0.854771	-1.35274	0.0252561	0.0160725	-0.00155587	
0.111477	0.263618	-0.854949	-1.35234	0.0252794	0.0160842	-0.00155468	
0.111843	0.26362	-0.855126	-1.35193	0.0253041	0.0160941	-0.00156332	
0.112212	0.263629	-0.855303	-1.35153	0.0253288	0.0161042	-0.00156347	
0.112576	0.263631	-0.85548	-1.35113	0.0253529	0.0161136	-0.00156266	
0.112945	0.263639	-0.855657	-1.35073	0.0253775	0.0161228	-0.00156329	
0.113312	0.263642	-0.855835	-1.35032	0.0254012	0.0161331	-0.00156312	
0.11368	0.263649	-0.856011	-1.34992	0.025426	0.0161428	-0.00156406	
0.114046	0.263651	-0.856188	-1.34952	0.0254503	0.0161534	-0.00157413	
0.114413	0.263658	-0.856364	-1.34911	0.0254753	0.0161614	-0.00157516	
0.114779	0.26366	-0.856542	-1.34871	0.0254989	0.0161722	-0.00157576	
0.115148	0.263667	-0.856719	-1.34831	0.025523	0.0161821	-0.00157782	
0.115514	0.263672	-0.856895	-1.3479	0.0255482	0.0161905	-0.00157935	
0.115882	0.263675	-0.857073	-1.3475	0.0255712	0.0162023	-0.00158079	
0.11625	0.263681	-0.85725	-1.3471	0.0255955	0.016212	-0.00158303	
0.116617	0.263687	-0.857427	-1.3467	0.0256193	0.0162218	-0.00157593	
0.116985	0.263693	-0.857604	-1.34629	0.0256436	0.0162312	-0.00157856	
0.117352	0.263698	-0.85778	-1.34589	0.0256682	0.0162404	-0.00158131	
0.117719	0.263702	-0.857957	-1.34549	0.0256928	0.0162495	-0.00158425	
0.118086	0.263707	-0.858133	-1.34508	0.0257173	0.0162579	-0.00158747	
0.118455	0.263713	-0.85831	-1.34468	0.0257412	0.016269	-0.00159105	
0.118821	0.263716	-0.858486	-1.34428	0.0257658	0.0162779	-0.00159457	
0.119189	0.263722	-0.858664	-1.34388	0.0257891	0.0162883	-0.00158866	
0.119558	0.263726	-0.858841	-1.34347	0.0258131	0.0162983	-0.00159283	
0.119922	0.263729	-0.859017	-1.34307	0.0258378	0.0163054	-0.00159701	
0.120289	0.263734	-0.859194	-1.34267	0.0258611	0.0163157	-0.00159147	
0.120657	0.263737	-0.859371	-1.34226	0.0258852	0.0163261	-0.00159596	
0.121026	0.263742	-0.859548	-1.34186	0.0259086	0.0163371	-0.00160095	
0.121394	0.263749	-0.859724	-1.34146	0.0259334	0.0163449	-0.00159688	
0.12176	0.263752	-0.859901	-1.34105	0.0259575	0.0163536	-0.0016019	
0.122129	0.263756	-0.860078	-1.34065	0.0259812	0.0163641	-0.00160731	
0.122493	0.263758	-0.860255	-1.34025	0.0260046	0.0163732	-0.00160278	
0.122863	0.263766	-0.860431	-1.33984	0.0260295	0.0163822	-0.00160942	
0.12323	0.263769	-0.860608	-1.33944	0.0260523	0.0163923	-0.00160545	
0.123599	0.263775	-0.860784	-1.33904	0.0260773	0.0164004	-0.00161243	
0.123965	0.263778	-0.860962	-1.33864	0.0261003	0.0164102	-0.00160873	
0.124333	0.263784	-0.861137	-1.33823	0.0261253	0.0164182	-0.00161596	
0.124699	0.263786	-0.861314	-1.33783	0.0261485	0.0164286	-0.00161246	
0.125069	0.263793	-0.861491	-1.33743	0.0261721	0.0164381	-0.00161041	
0.125435	0.263794	-0.861668	-1.33702	0.026196	0.0164471	-0.00161715	
0.125804	0.2638	-0.861844	-1.33662	0.0262196	0.0164565	-0.00161538	
0.126174	0.263806	-0.86202	-1.33622	0.0262438	0.0164661	-0.00162358	
0.126541	0.263808	-0.862198	-1.33582	0.0262664	0.0164766	-0.00162113	
0.126906	0.263812	-0.862373	-1.33541	0.0262911	0.0164843	-0.00161936	
0.127274	0.263816	-0.862549	-1.33501	0.0263156	0.0164921	-0.00162804	
0.127645	0.263823	-0.862726	-1.33461	0.0263388	0.016503	-0.00162718	
0.128012	0.263827	-0.862903	-1.3342	0.0263626	0.0165111	-0.00162623	
0.128378	0.263831	-0.863079	-1.3338	0.0263867	0.0165189	-0.00162536	
0.128747	0.263832	-0.863256	-1.3334	0.0264092	0.0165314	-0.00163381	
0.129113	0.263836	-0.863432	-1.33299	0.0264334	0.0165383	-0.00163323	
0.129482	0.263841	-0.863609	-1.33259	0.0264564	0.0165482	-0.00163306	
0.129851	0.263845	-0.863786	-1.33219	0.0264798	0.0165578	-0.00163297	
0.130219	0.263849	-0.863963	-1.33178	0.0265033	0.0165666	-0.00163303	
0.130588	0.263857	-0.864138	-1.33138	0.0265282	0.0165745	-0.00163409	
0.130955	0.26386	-0.864314	-1.33098	0.0265516	0.0165832	-0.00163442	
0.131323	0.263863	-0.86449	-1.33058	0.0265756	0.0165922	-0.00164476	
0.131689	0.263865	-0.864666	-1.33017	0.0265991	0.0166006	-0.00164529	
0.132059	0.26387	-0.864843	-1.32977	0.026622	0.0166103	-0.00164628	
0.132426	0.263875	-0.865018	-1.32937	0.0266468	0.016618	-0.00164795	
0.132795	0.263879	-0.865195	-1.32896	0.0266697	0.0166267	-0.00164921	
0.133163	0.263882	-0.865372	-1.32856	0.0266925	0.016637	-0.00165052	
0.133533	0.263888	-0.865547	-1.32816	0.0267168	0.0166456	-0.00165285	
0.1339	0.263891	-0.865725	-1.32776	0.0267398	0.0166541	-0.00165444	
0.134267	0.263893	-0.865901	-1.32735	0.0267628	0.0166633	-0.0016561	
0.134635	0.263898	-0.866077	-1.32695	0.0267865	0.0166714	-0.00164886	
0.135002	0.2639	-0.866253	-1.32654	0.0268097	0.0166804	-0.00165072	
0.135373	0.263906	-0.866429	-1.32614	0.0268333	0.01669	-0.00165397	
0.135739	0.263907	-0.866606	-1.32574	0.0268565	0.016698	-0.00165605	
0.136109	0.263913	-0.866782	-1.32534	0.02688	0.0167068	-0.00165957	
0.136475	0.263917	-0.866956	-1.32493	0.0269046	0.0167135	-0.00166279	
0.136843	0.263918	-0.867134	-1.32453	0.026927	0.0167234	-0.00166552	
0.137212	0.263923	-0.86731	-1.32413	0.0269502	0.0167318	-0.0016594	
0.13758	0.263928	-0.867485	-1.32372	0.0269741	0.01674	-0.00166328	
0.137949	0.263932	-0.867661	-1.32332	0.0269979	0.0167479	-0.00166724	
0.138318	0.263934	-0.867839	-1.32292	0.0270196	0.0167588	-0.00167076	
0.138685	0.263937	-0.868014	-1.32252	0.0270431	0.0167668	-0.00166499	
0.139053	0.26394	-0.86819	-1.32211	0.027067	0.016774	-0.00166927	
0.139422	0.263945	-0.868366	-1.32171	0.02709	0.0167829	-0.00167402	
0.139792	0.263949	-0.868543	-1.32131	0.0271128	0.0167924	-0.00166891	
0.140161	0.263953	-0.868719	-1.32091	0.027136	0.016801	-0.00167385	
0.140527	0.263955	-0.868893	-1.3205	0.0271601	0.0168078	-0.00167848	
0.140895	0.263959	-0.86907	-1.3201	0.0271828	0.016816	-0.0016737	
0.141263	0.263961	-0.869245	-1.31969	0.0272062	0.0168246	-0.00167886	
0.141634	0.263966	-0.869422	-1.31929	0.0272286	0.0168342	-0.00168455	
0.142001	0.263968	-0.869598	-1.31889	0.0272515	0.0168423	-0.00167998	
0.142369	0.26397	-0.869774	-1.31848	0.027275	0.0168502	-0.00168542	
0.14274	0.263977	-0.869949	-1.31808	0.0272985	0.0168588	-0.00168233	
0.143109	0.26398	-0.870126	-1.31768	0.0273211	0.0168678	-0.00168836	
0.143475	0.263981	-0.870301	-1.31728	0.0273442	0.0168754	-0.00168412	
0.143845	0.263987	-0.870476	-1.31688	0.0273682	0.0168828	-0.00169129	
0.144213	0.26399	-0.870653	-1.31647	0.0273904	0.0168916	-0.00168762	
0.144581	0.263991	-0.870829	-1.31607	0.0274132	0.0169001	-0.00169396	
0.14495	0.263997	-0.871004	-1.31567	0.0274368	0.0169071	-0.00169142	
0.145318	0.263998	-0.87118	-1.31526	0.0274596	0.0169154	-0.00169792	
0.145689	0.264004	-0.871356	-1.31486	0.0274825	0.0169242	-0.00169589	
0.146056	0.264004	-0.871532	-1.31446	0.0275054	0.0169321	-0.00170255	
0.146426	0.26401	-0.871707	-1.31405	0.0275284	0.0169406	-0.00170068	
0.146792	0.26401	-0.871883	-1.31365	0.0275511	0.0169485	-0.00169754	
0.147162	0.264014	-0.872058	-1.31325	0.0275744	0.0169563	-0.00170577	
0.147532	0.264019	-0.872234	-1.31285	0.0275974	0.016964	-0.00170415	
0.1479	0.26402	-0.872411	-1.31244	0.0276193	0.0169732	-0.00170163	
0.148269	0.264023	-0.872586	-1.31204	0.0276429	0.0169808	-0.00171006	
0.148637	0.264027	-0.872761	-1.31164	0.0276659	0.0169877	-0.00170868	
0.149009	0.264032	-0.872937	-1.31124	0.0276884	0.0169973	-0.00170768	
0.149375	0.264031	-0.873114	-1.31083	0.0277104	0.0170058	-0.00170547	
0.149743	0.264034	-0.873288	-1.31042	0.0277339	0.0170121	-0.00171421	
0.150113	0.264038	-0.873464	-1.31002	0.0277564	0.0170208	-0.00171344	
0.150483	0.264042	-0.87364	-1.30962	0.0277788	0.0170292	-0.00171279	
0.150853	0.264045	-0.873816	-1.30922	0.0278014	0.0170376	-0.00171217	
0.151219	0.264046	-0.87399	-1.30881	0.027825	0.0170431	-0.00172121	
0.151588	0.264049	-0.874166	-1.30841	0.0278476	0.0170512	-0.00172071	
0.15196	0.264053	-0.874342	-1.30801	0.0278696	0.0170614	-0.00172066	
0.152328	0.264055	-0.874518	-1.30761	0.0278922	0.017069	-0.00172029	
0.152697	0.264061	-0.874692	-1.3072	0.0279161	0.0170747	-0.00172098	
0.153064	0.264062	-0.874867	-1.3068	0.0279388	0.0170819	-0.00172077	
0.153435	0.264065	-0.875043	-1.3064	0.0279611	0.0170911	-0.0017309	
0.153805	0.264067	-0.875219	-1.306	0.027983	0.0170999	-0.00173122	
0.154171	0.264068	-0.875395	-1.30559	0.0280057	0.0171061	-0.00173121	
0.154542	0.264074	-0.875569	-1.30519	0.0280289	0.0171132	-0.00173256	
0.154911	0.264075	-0.875745	-1.30479	0.028051	0.0171218	-0.00173303	
0.155279	0.264076	-0.875921	-1.30438	0.0280731	0.0171297	-0.00173355	
0.155649	0.264081	-0.876095	-1.30398	0.0280964	0.0171364	-0.00173509	
0.156017	0.264082	-0.876271	-1.30357	0.0281185	0.0171439	-0.00173574	
0.156389	0.264087	-0.876447	-1.30317	0.0281411	0.0171523	-0.00173781	
0.15677	0.264118	-0.876619	-1.30282	0.0281656	0.0171588	-0.00172281	
0.157128	0.264092	-0.876797	-1.30237	0.0281856	0.0171677	-0.0017407	
0.157494	0.264091	-0.876972	-1.30196	0.0282079	0.0171749	-0.00174154	
0.157865	0.264096	-0.877147	-1.30156	0.0282305	0.0171823	-0.00174381	
0.158235	0.2641	-0.877322	-1.30116	0.0282533	0.0171897	-0.00174613	
0.158604	0.2641	-0.877498	-1.30076	0.0282747	0.017198	-0.00174757	
0.158973	0.264103	-0.877673	-1.30035	0.0282974	0.017205	-0.00175001	
0.159343	0.264106	-0.877848	-1.29995	0.0283202	0.017212	-0.00175247	
0.159711	0.264109	-0.878023	-1.29955	0.0283428	0.0172187	-0.00174502	
0.160083	0.264113	-0.878198	-1.29915	0.028365	0.0172272	-0.001752	
0.16045	0.264112	-0.878374	-1.29874	0.0283864	0.0172346	-0.00175168	
0.160821	0.264115	-0.87855	-1.29834	0.0284085	0.0172427	-0.00175376	
0.161189	0.264117	-0.878724	-1.29793	0.0284314	0.0172488	-0.00175446	
0.161559	0.26412	-0.878899	-1.29753	0.0284534	0.0172564	-0.00175665	
