0.225557	-0.150056	0.16609	-1.93122	-1.22923	2.62681	
0.225506	-0.150046	0.165892	-1.92948	-1.22972	2.62518	
0.225455	-0.150036	0.165694	-1.92773	-1.23021	2.62355	
0.225404	-0.150026	0.165497	-1.92597	-1.2307	2.62191	
0.225353	-0.150016	0.165299	-1.92421	-1.23119	2.62027	
0.225302	-0.150006	0.165101	-1.92245	-1.23167	2.61862	
0.22525	-0.149996	0.164903	-1.92068	-1.23216	2.61697	
0.225198	-0.149986	0.164706	-1.9189	-1.23264	2.61531	
0.225147	-0.149976	0.164508	-1.91712	-1.23312	2.61365	
0.225095	-0.149967	0.16431	-1.91534	-1.2336	2.61199	
0.225043	-0.149957	0.164112	-1.91355	-1.23408	2.61032	
0.22499	-0.149947	0.163915	-1.91176	-1.23456	2.60864	
0.224938	-0.149937	0.163717	-1.90996	-1.23504	2.60696	
0.224885	-0.149928	0.163519	-1.90815	-1.23552	2.60528	
0.224833	-0.149918	0.163322	-1.90634	-1.236	2.60359	
0.22478	-0.149908	0.163124	-1.90453	-1.23647	2.60189	
0.224727	-0.149899	0.162927	-1.90271	-1.23695	2.60019	
0.224674	-0.149889	0.162729	-1.90089	-1.23742	2.59849	
0.22462	-0.14988	0.162531	-1.89906	-1.23789	2.59678	
0.224567	-0.14987	0.162334	-1.89723	-1.23836	2.59506	
0.224513	-0.149861	0.162136	-1.89539	-1.23883	2.59334	
0.22446	-0.149851	0.161939	-1.89354	-1.2393	2.59162	
0.224406	-0.149842	0.161741	-1.89169	-1.23977	2.58989	
0.224352	-0.149832	0.161544	-1.88984	-1.24024	2.58816	
0.224297	-0.149823	0.161346	-1.88798	-1.2407	2.58642	
0.224243	-0.149814	0.161149	-1.88612	-1.24117	2.58467	
0.224188	-0.149804	0.160951	-1.88425	-1.24163	2.58292	
0.224134	-0.149795	0.160754	-1.88237	-1.24209	2.58117	
0.224079	-0.149786	0.160556	-1.88049	-1.24255	2.57941	
0.224024	-0.149776	0.160359	-1.87861	-1.24302	2.57765	
0.223969	-0.149767	0.160161	-1.87672	-1.24347	2.57588	
0.223914	-0.149758	0.159964	-1.87482	-1.24393	2.5741	
0.223858	-0.149749	0.159767	-1.87292	-1.24439	2.57232	
0.223802	-0.14974	0.159569	-1.87102	-1.24484	2.57054	
0.223747	-0.149731	0.159372	-1.86911	-1.2453	2.56875	
0.223691	-0.149721	0.159174	-1.86719	-1.24575	2.56696	
0.223635	-0.149712	0.158977	-1.86527	-1.2462	2.56516	
0.223579	-0.149703	0.15878	-1.86335	-1.24666	2.56335	
0.223522	-0.149694	0.158583	-1.86142	-1.24711	2.56154	
0.223466	-0.149685	0.158385	-1.85948	-1.24755	2.55973	
0.223409	-0.149676	0.158188	-1.85754	-1.248	2.55791	
0.223352	-0.149668	0.157991	-1.85559	-1.24845	2.55608	
0.223295	-0.149659	0.157794	-1.85364	-1.24889	2.55425	
0.223238	-0.14965	0.157596	-1.85168	-1.24934	2.55242	
0.223181	-0.149641	0.157399	-1.84972	-1.24978	2.55058	
0.223124	-0.149632	0.157202	-1.84775	-1.25022	2.54873	
0.223066	-0.149623	0.157005	-1.84578	-1.25066	2.54688	
0.223008	-0.149615	0.156808	-1.8438	-1.2511	2.54503	
0.222951	-0.149606	0.156611	-1.84182	-1.25154	2.54317	
0.222893	-0.149597	0.156413	-1.83983	-1.25198	2.5413	
0.222834	-0.149588	0.156216	-1.83784	-1.25241	2.53943	
0.222776	-0.14958	0.156019	-1.83584	-1.25285	2.53755	
0.222718	-0.149571	0.155822	-1.83384	-1.25328	2.53567	
0.222659	-0.149563	0.155625	-1.83183	-1.25371	2.53379	
0.2226	-0.149554	0.155428	-1.82981	-1.25414	2.53189	
0.222541	-0.149545	0.155231	-1.82779	-1.25457	2.53	
0.222482	-0.149537	0.155034	-1.82577	-1.255	2.52809	
0.222423	-0.149528	0.154837	-1.82374	-1.25543	2.52619	
0.222364	-0.14952	0.15464	-1.8217	-1.25585	2.52427	
0.222304	-0.149512	0.154443	-1.81966	-1.25627	2.52236	
0.222244	-0.149503	0.154247	-1.81761	-1.2567	2.52043	
0.222185	-0.149495	0.15405	-1.81556	-1.25712	2.51851	
0.222125	-0.149486	0.153853	-1.8135	-1.25754	2.51657	
0.222065	-0.149478	0.153656	-1.81144	-1.25796	2.51463	
0.222004	-0.14947	0.153459	-1.80937	-1.25838	2.51269	
0.221944	-0.149462	0.153262	-1.8073	-1.25879	2.51074	
0.221883	-0.149453	0.153066	-1.80522	-1.25921	2.50879	
0.221823	-0.149445	0.152869	-1.80314	-1.25962	2.50683	
0.221762	-0.149437	0.152672	-1.80105	-1.26004	2.50486	
0.221701	-0.149429	0.152475	-1.79895	-1.26045	2.50289	
0.221639	-0.149421	0.152279	-1.79685	-1.26086	2.50091	
0.221578	-0.149412	0.152082	-1.79475	-1.26127	2.49893	
0.221517	-0.149404	0.151885	-1.79264	-1.26167	2.49695	
0.221455	-0.149396	0.151689	-1.79052	-1.26208	2.49496	
0.221393	-0.149388	0.151492	-1.7884	-1.26249	2.49296	
0.221331	-0.14938	0.151295	-1.78627	-1.26289	2.49096	
0.221269	-0.149372	0.151099	-1.78414	-1.26329	2.48895	
0.221207	-0.149364	0.150902	-1.782	-1.26369	2.48694	
0.221145	-0.149357	0.150706	-1.77986	-1.26409	2.48492	
0.221082	-0.149349	0.150509	-1.77771	-1.26449	2.4829	
0.221019	-0.149341	0.150313	-1.77556	-1.26489	2.48087	
0.220957	-0.149333	0.150116	-1.7734	-1.26528	2.47884	
0.220894	-0.149325	0.14992	-1.77123	-1.26568	2.4768	
0.22083	-0.149317	0.149723	-1.76906	-1.26607	2.47475	
0.220767	-0.14931	0.149527	-1.76689	-1.26646	2.4727	
0.220704	-0.149302	0.149331	-1.76471	-1.26685	2.47065	
0.22064	-0.149294	0.149134	-1.76252	-1.26724	2.46859	
0.220576	-0.149287	0.148938	-1.76033	-1.26762	2.46652	
0.220512	-0.149279	0.148742	-1.75813	-1.26801	2.46445	
0.220448	-0.149271	0.148545	-1.75593	-1.26839	2.46237	
0.220384	-0.149264	0.148349	-1.75372	-1.26878	2.46029	
0.22032	-0.149256	0.148153	-1.75151	-1.26916	2.45821	
0.220255	-0.149249	0.147957	-1.74929	-1.26954	2.45611	
0.220191	-0.149241	0.14776	-1.74707	-1.26992	2.45402	
0.220126	-0.149234	0.147564	-1.74484	-1.27029	2.45191	
0.220061	-0.149226	0.147368	-1.7426	-1.27067	2.44981	
0.219996	-0.149219	0.147172	-1.74036	-1.27104	2.44769	
0.219931	-0.149211	0.146976	-1.73812	-1.27142	2.44558	
0.219865	-0.149204	0.14678	-1.73587	-1.27179	2.44345	
0.2198	-0.149197	0.146584	-1.73361	-1.27216	2.44132	
0.219734	-0.149189	0.146388	-1.73135	-1.27252	2.43919	
0.219668	-0.149182	0.146192	-1.72908	-1.27289	2.43705	
0.219602	-0.149175	0.145996	-1.72681	-1.27326	2.4349	
0.219536	-0.149168	0.1458	-1.72453	-1.27362	2.43275	
0.21947	-0.149161	0.145604	-1.72225	-1.27398	2.4306	
0.219403	-0.149153	0.145408	-1.71996	-1.27434	2.42844	
0.219337	-0.149146	0.145212	-1.71767	-1.2747	2.42627	
0.21927	-0.149139	0.145016	-1.71537	-1.27506	2.4241	
0.219203	-0.149132	0.14482	-1.71306	-1.27542	2.42192	
0.219136	-0.149125	0.144624	-1.71075	-1.27577	2.41974	
0.219069	-0.149118	0.144429	-1.70844	-1.27613	2.41755	
0.219001	-0.149111	0.144233	-1.70611	-1.27648	2.41536	
0.218934	-0.149104	0.144037	-1.70379	-1.27683	2.41316	
0.218866	-0.149097	0.143841	-1.70146	-1.27718	2.41096	
0.218798	-0.14909	0.143646	-1.69912	-1.27752	2.40875	
0.21873	-0.149083	0.14345	-1.69678	-1.27787	2.40654	
0.218662	-0.149076	0.143254	-1.69443	-1.27821	2.40432	
0.218594	-0.14907	0.143059	-1.69208	-1.27856	2.4021	
0.218525	-0.149063	0.142863	-1.68972	-1.2789	2.39987	
0.218457	-0.149056	0.142668	-1.68736	-1.27924	2.39763	
0.218388	-0.149049	0.142472	-1.68499	-1.27957	2.39539	
0.218319	-0.149043	0.142277	-1.68261	-1.27991	2.39315	
0.21825	-0.149036	0.142081	-1.68023	-1.28024	2.3909	
0.218181	-0.149029	0.141886	-1.67785	-1.28058	2.38864	
0.218112	-0.149023	0.14169	-1.67546	-1.28091	2.38638	
0.218042	-0.149016	0.141495	-1.67306	-1.28124	2.38412	
0.217973	-0.149009	0.141299	-1.67066	-1.28157	2.38185	
0.217903	-0.149003	0.141104	-1.66826	-1.28189	2.37957	
0.217833	-0.148996	0.140909	-1.66585	-1.28222	2.37729	
0.217763	-0.14899	0.140714	-1.66343	-1.28254	2.37501	
0.217693	-0.148983	0.140518	-1.66101	-1.28286	2.37271	
0.217622	-0.148977	0.140323	-1.65858	-1.28318	2.37042	
0.217552	-0.148971	0.140128	-1.65615	-1.2835	2.36812	
0.217481	-0.148964	0.139933	-1.65371	-1.28382	2.36581	
0.21741	-0.148958	0.139737	-1.65127	-1.28414	2.3635	
0.217339	-0.148952	0.139542	-1.64882	-1.28445	2.36118	
0.217268	-0.148945	0.139347	-1.64637	-1.28476	2.35886	
0.217197	-0.148939	0.139152	-1.64391	-1.28507	2.35653	
0.217126	-0.148933	0.138957	-1.64145	-1.28538	2.3542	
0.217054	-0.148927	0.138762	-1.63898	-1.28569	2.35187	
0.216982	-0.14892	0.138567	-1.63651	-1.28599	2.34952	
0.216911	-0.148914	0.138372	-1.63403	-1.2863	2.34718	
0.216838	-0.148908	0.138177	-1.63155	-1.2866	2.34482	
0.216766	-0.148902	0.137982	-1.62906	-1.2869	2.34247	
0.216694	-0.148896	0.137788	-1.62657	-1.2872	2.34011	
0.216622	-0.14889	0.137593	-1.62407	-1.28749	2.33774	
0.216549	-0.148884	0.137398	-1.62156	-1.28779	2.33537	
0.216476	-0.148878	0.137203	-1.61905	-1.28808	2.33299	
0.216403	-0.148872	0.137008	-1.61654	-1.28837	2.33061	
0.21633	-0.148866	0.136814	-1.61402	-1.28866	2.32822	
0.216257	-0.14886	0.136619	-1.6115	-1.28895	2.32583	
0.216184	-0.148854	0.136424	-1.60897	-1.28924	2.32344	
0.21611	-0.148848	0.13623	-1.60644	-1.28952	2.32104	
0.216036	-0.148843	0.136035	-1.6039	-1.28981	2.31863	
0.215963	-0.148837	0.135841	-1.60136	-1.29009	2.31622	
0.215889	-0.148831	0.135646	-1.59881	-1.29037	2.3138	
0.215815	-0.148825	0.135451	-1.59625	-1.29064	2.31138	
0.21574	-0.14882	0.135257	-1.5937	-1.29092	2.30896	
0.215666	-0.148814	0.135063	-1.59113	-1.29119	2.30653	
0.215591	-0.148808	0.134868	-1.58857	-1.29147	2.3041	
0.215517	-0.148803	0.134674	-1.58599	-1.29174	2.30166	
0.215442	-0.148797	0.134479	-1.58342	-1.29201	2.29921	
0.215367	-0.148792	0.134285	-1.58084	-1.29227	2.29676	
0.215292	-0.148786	0.134091	-1.57825	-1.29254	2.29431	
0.215216	-0.148781	0.133897	-1.57566	-1.2928	2.29185	
0.215141	-0.148775	0.133702	-1.57306	-1.29306	2.28939	
0.215065	-0.14877	0.133508	-1.57046	-1.29332	2.28692	
0.214989	-0.148764	0.133314	-1.56785	-1.29358	2.28445	
0.214914	-0.148759	0.13312	-1.56524	-1.29384	2.28198	
0.214838	-0.148754	0.132926	-1.56263	-1.29409	2.2795	
0.214761	-0.148748	0.132732	-1.56001	-1.29434	2.27701	
0.214685	-0.148743	0.132538	-1.55739	-1.2946	2.27452	
0.214608	-0.148738	0.132344	-1.55476	-1.29484	2.27203	
0.214532	-0.148732	0.13215	-1.55212	-1.29509	2.26953	
0.214455	-0.148727	0.131956	-1.54949	-1.29534	2.26703	
0.214378	-0.148722	0.131762	-1.54684	-1.29558	2.26452	
0.214301	-0.148717	0.131568	-1.5442	-1.29582	2.26201	
0.214224	-0.148712	0.131374	-1.54155	-1.29606	2.25949	
0.214146	-0.148707	0.13118	-1.53889	-1.2963	2.25697	
0.214069	-0.148702	0.130987	-1.53623	-1.29654	2.25445	
0.213991	-0.148697	0.130793	-1.53357	-1.29677	2.25192	
0.213913	-0.148692	0.130599	-1.5309	-1.297	2.24939	
0.213835	-0.148687	0.130406	-1.52823	-1.29723	2.24685	
0.213757	-0.148682	0.130212	-1.52555	-1.29746	2.24431	
0.213679	-0.148677	0.130018	-1.52287	-1.29769	2.24176	
0.2136	-0.148672	0.129825	-1.52018	-1.29791	2.23921	
0.213522	-0.148667	0.129631	-1.51749	-1.29813	2.23666	
0.213443	-0.148662	0.129438	-1.5148	-1.29836	2.2341	
0.213364	-0.148657	0.129244	-1.5121	-1.29857	2.23154	
0.213285	-0.148653	0.129051	-1.5094	-1.29879	2.22897	
0.213206	-0.148648	0.128857	-1.50669	-1.29901	2.2264	
0.213127	-0.148643	0.128664	-1.50398	-1.29922	2.22383	
0.213047	-0.148638	0.128471	-1.50126	-1.29943	2.22125	
0.212967	-0.148634	0.128277	-1.49854	-1.29964	2.21866	
0.212888	-0.148629	0.128084	-1.49582	-1.29985	2.21608	
0.212808	-0.148624	0.127891	-1.49309	-1.30005	2.21349	
0.212728	-0.14862	0.127698	-1.49036	-1.30026	2.2109	
0.212647	-0.148615	0.127505	-1.48763	-1.30046	2.2083	
0.212567	-0.148611	0.127312	-1.48489	-1.30066	2.2057	
0.212487	-0.148606	0.127118	-1.48215	-1.30086	2.20309	
0.212406	-0.148602	0.126925	-1.4794	-1.30105	2.20048	
0.212325	-0.148597	0.126732	-1.47665	-1.30125	2.19787	
0.212244	-0.148593	0.126539	-1.4739	-1.30144	2.19525	
0.212163	-0.148589	0.126347	-1.47114	-1.30163	2.19263	
0.212082	-0.148584	0.126154	-1.46838	-1.30182	2.19001	
0.212	-0.14858	0.125961	-1.46561	-1.302	2.18738	
0.211919	-0.148576	0.125768	-1.46285	-1.30219	2.18475	
0.211837	-0.148571	0.125575	-1.46007	-1.30237	2.18212	
0.211755	-0.148567	0.125382	-1.4573	-1.30255	2.17948	
0.211673	-0.148563	0.12519	-1.45452	-1.30273	2.17684	
0.211591	-0.148559	0.124997	-1.45174	-1.3029	2.1742	
0.211509	-0.148555	0.124804	-1.44895	-1.30308	2.17155	
0.211426	-0.148551	0.124612	-1.44616	-1.30325	2.1689	
0.211344	-0.148547	0.124419	-1.44337	-1.30342	2.16624	
0.211261	-0.148542	0.124227	-1.44057	-1.30359	2.16359	
0.211178	-0.148538	0.124034	-1.43777	-1.30375	2.16092	
0.211095	-0.148534	0.123842	-1.43497	-1.30392	2.15826	
0.211012	-0.14853	0.123649	-1.43216	-1.30408	2.15559	
0.210929	-0.148527	0.123457	-1.42935	-1.30424	2.15292	
0.210845	-0.148523	0.123265	-1.42654	-1.3044	2.15025	
0.210761	-0.148519	0.123072	-1.42372	-1.30455	2.14757	
0.210678	-0.148515	0.12288	-1.4209	-1.3047	2.14489	
0.210594	-0.148511	0.122688	-1.41808	-1.30486	2.14221	
0.21051	-0.148507	0.122496	-1.41526	-1.30501	2.13953	
0.210425	-0.148504	0.122304	-1.41243	-1.30515	2.13684	
0.210341	-0.1485	0.122111	-1.4096	-1.3053	2.13415	
0.210256	-0.148496	0.121919	-1.40676	-1.30544	2.13145	
0.210172	-0.148492	0.121727	-1.40393	-1.30559	2.12876	
0.210087	-0.148489	0.121535	-1.40109	-1.30572	2.12606	
0.210002	-0.148485	0.121343	-1.39824	-1.30586	2.12335	
0.209917	-0.148482	0.121152	-1.3954	-1.306	2.12065	
0.209832	-0.148478	0.12096	-1.39255	-1.30613	2.11794	
0.209746	-0.148474	0.120768	-1.3897	-1.30626	2.11523	
0.209661	-0.148471	0.120576	-1.38685	-1.30639	2.11252	
0.209575	-0.148467	0.120384	-1.38399	-1.30652	2.1098	
0.209489	-0.148464	0.120193	-1.38113	-1.30664	2.10709	
0.209403	-0.148461	0.120001	-1.37827	-1.30677	2.10437	
0.209317	-0.148457	0.119809	-1.37541	-1.30689	2.10164	
0.209231	-0.148454	0.119618	-1.37254	-1.30701	2.09892	
0.209144	-0.148451	0.119426	-1.36967	-1.30712	2.09619	
0.209058	-0.148447	0.119235	-1.3668	-1.30724	2.09346	
0.208971	-0.148444	0.119043	-1.36393	-1.30735	2.09073	
0.208884	-0.148441	0.118852	-1.36105	-1.30746	2.088	
0.208797	-0.148438	0.11866	-1.35817	-1.30757	2.08526	
0.20871	-0.148434	0.118469	-1.35529	-1.30768	2.08252	
0.208623	-0.148431	0.118278	-1.35241	-1.30778	2.07978	
0.208535	-0.148428	0.118086	-1.34953	-1.30788	2.07704	
0.208447	-0.148425	0.117895	-1.34664	-1.30798	2.0743	
0.20836	-0.148422	0.117704	-1.34375	-1.30808	2.07155	
0.208272	-0.148419	0.117513	-1.34086	-1.30818	2.0688	
0.208184	-0.148416	0.117322	-1.33797	-1.30827	2.06606	
0.208095	-0.148413	0.117131	-1.33508	-1.30836	2.0633	
0.208007	-0.14841	0.11694	-1.33218	-1.30845	2.06055	
0.207919	-0.148407	0.116749	-1.32928	-1.30854	2.0578	
0.20783	-0.148404	0.116558	-1.32638	-1.30862	2.05504	
0.207741	-0.148401	0.116367	-1.32348	-1.30871	2.05228	
0.207652	-0.148398	0.116176	-1.32058	-1.30879	2.04952	
0.207563	-0.148396	0.115985	-1.31767	-1.30887	2.04676	
0.207474	-0.148393	0.115795	-1.31477	-1.30894	2.044	
0.207385	-0.14839	0.115604	-1.31186	-1.30902	2.04123	
0.207295	-0.148387	0.115413	-1.30895	-1.30909	2.03847	
0.207205	-0.148385	0.115223	-1.30604	-1.30916	2.0357	
0.207115	-0.148382	0.115032	-1.30313	-1.30923	2.03293	
0.207025	-0.148379	0.114842	-1.30022	-1.30929	2.03016	
0.206935	-0.148377	0.114651	-1.2973	-1.30936	2.02739	
0.206845	-0.148374	0.114461	-1.29438	-1.30942	2.02462	
0.206755	-0.148372	0.11427	-1.29147	-1.30948	2.02185	
0.206664	-0.148369	0.11408	-1.28855	-1.30954	2.01907	
0.206573	-0.148367	0.113889	-1.28563	-1.30959	2.0163	
0.206483	-0.148364	0.113699	-1.28271	-1.30965	2.01352	
0.206392	-0.148362	0.113509	-1.27979	-1.3097	2.01075	
0.2063	-0.14836	0.113319	-1.27686	-1.30975	2.00797	
0.206209	-0.148357	0.113129	-1.27394	-1.30979	2.00519	
0.206118	-0.148355	0.112939	-1.27102	-1.30984	2.00241	
0.206026	-0.148353	0.112748	-1.26809	-1.30988	1.99963	
0.205934	-0.14835	0.112558	-1.26516	-1.30992	1.99685	
0.205843	-0.148348	0.112368	-1.26224	-1.30996	1.99407	
0.205751	-0.148346	0.112179	-1.25931	-1.31	1.99128	
0.205658	-0.148344	0.111989	-1.25638	-1.31003	1.9885	
0.205566	-0.148342	0.111799	-1.25345	-1.31006	1.98572	
0.205474	-0.148339	0.111609	-1.25052	-1.31009	1.98294	
0.205381	-0.148337	0.111419	-1.24759	-1.31012	1.98015	
0.205288	-0.148335	0.11123	-1.24466	-1.31015	1.97737	
0.205195	-0.148333	0.11104	-1.24173	-1.31017	1.97458	
0.205102	-0.148331	0.11085	-1.2388	-1.31019	1.9718	
0.205009	-0.148329	0.110661	-1.23587	-1.31021	1.96901	
0.204916	-0.148327	0.110471	-1.23293	-1.31023	1.96623	
0.204822	-0.148325	0.110282	-1.23	-1.31024	1.96344	
0.204729	-0.148324	0.110092	-1.22707	-1.31025	1.96065	
0.204635	-0.148322	0.109903	-1.22414	-1.31026	1.95787	
0.204541	-0.14832	0.109714	-1.2212	-1.31027	1.95508	
0.204447	-0.148318	0.109524	-1.21827	-1.31028	1.9523	
0.204353	-0.148316	0.109335	-1.21534	-1.31028	1.94951	
0.204258	-0.148315	0.109146	-1.21241	-1.31029	1.94673	
0.204164	-0.148313	0.108957	-1.20947	-1.31029	1.94394	
0.204069	-0.148311	0.108768	-1.20654	-1.31028	1.94115	
0.203974	-0.14831	0.108579	-1.20361	-1.31028	1.93837	
0.203879	-0.148308	0.10839	-1.20068	-1.31027	1.93559	
0.203784	-0.148306	0.108201	-1.19774	-1.31026	1.9328	
0.203689	-0.148305	0.108012	-1.19481	-1.31025	1.93002	
0.203594	-0.148303	0.107823	-1.19188	-1.31024	1.92723	
0.203498	-0.148302	0.107634	-1.18895	-1.31022	1.92445	
0.203403	-0.1483	0.107445	-1.18602	-1.31021	1.92167	
0.203307	-0.148299	0.107257	-1.18309	-1.31019	1.91889	
0.203211	-0.148298	0.107068	-1.18016	-1.31017	1.91611	
0.203115	-0.148296	0.106879	-1.17723	-1.31014	1.91333	
0.203018	-0.148295	0.106691	-1.1743	-1.31012	1.91055	
0.202922	-0.148294	0.106502	-1.17138	-1.31009	1.90777	
0.202826	-0.148292	0.106314	-1.16845	-1.31006	1.90499	
0.202729	-0.148291	0.106126	-1.16553	-1.31003	1.90221	
0.202632	-0.14829	0.105937	-1.1626	-1.30999	1.89944	
0.202535	-0.148289	0.105749	-1.15968	-1.30995	1.89666	
0.202438	-0.148287	0.105561	-1.15675	-1.30992	1.89389	
0.202341	-0.148286	0.105372	-1.15383	-1.30988	1.89112	
0.202243	-0.148285	0.105184	-1.15091	-1.30983	1.88835	
0.202146	-0.148284	0.104996	-1.14799	-1.30979	1.88558	
0.202048	-0.148283	0.104808	-1.14507	-1.30974	1.88281	
0.20195	-0.148282	0.10462	-1.14215	-1.30969	1.88004	
0.201852	-0.148281	0.104432	-1.13924	-1.30964	1.87727	
0.201754	-0.14828	0.104244	-1.13632	-1.30959	1.87451	
0.201656	-0.148279	0.104056	-1.13341	-1.30953	1.87174	
0.201557	-0.148278	0.103868	-1.13049	-1.30947	1.86898	
0.201459	-0.148277	0.103681	-1.12758	-1.30941	1.86622	
0.20136	-0.148277	0.103493	-1.12467	-1.30935	1.86346	
0.201261	-0.148276	0.103305	-1.12176	-1.30929	1.8607	
0.201162	-0.148275	0.103117	-1.11886	-1.30922	1.85795	
0.201063	-0.148274	0.10293	-1.11595	-1.30915	1.85519	
0.200964	-0.148274	0.102742	-1.11305	-1.30908	1.85244	
0.200864	-0.148273	0.102555	-1.11015	-1.30901	1.84969	
0.200765	-0.148272	0.102367	-1.10725	-1.30893	1.84694	
0.200665	-0.148272	0.10218	-1.10435	-1.30886	1.84419	
0.200565	-0.148271	0.101993	-1.10145	-1.30878	1.84145	
0.200465	-0.14827	0.101806	-1.09856	-1.3087	1.8387	
0.200365	-0.14827	0.101618	-1.09566	-1.30861	1.83596	
0.200265	-0.148269	0.101431	-1.09277	-1.30853	1.83322	
0.200164	-0.148269	0.101244	-1.08988	-1.30844	1.83048	
0.200064	-0.148269	0.101057	-1.087	-1.30835	1.82775	
0.199963	-0.148268	0.10087	-1.08411	-1.30826	1.82502	
0.199862	-0.148268	0.100683	-1.08123	-1.30817	1.82228	
0.199761	-0.148267	0.100496	-1.07835	-1.30807	1.81956	
0.19966	-0.148267	0.100309	-1.07547	-1.30798	1.81683	
0.199559	-0.148267	0.100122	-1.07259	-1.30788	1.8141	
0.199457	-0.148266	0.0999357	-1.06972	-1.30777	1.81138	
0.199355	-0.148266	0.099749	-1.06684	-1.30767	1.80866	
0.199254	-0.148266	0.0995623	-1.06398	-1.30756	1.80595	
0.199152	-0.148266	0.0993758	-1.06111	-1.30746	1.80323	
0.19905	-0.148266	0.0991892	-1.05824	-1.30735	1.80052	
0.198948	-0.148266	0.0990027	-1.05538	-1.30723	1.79781	
0.198845	-0.148266	0.0988163	-1.05252	-1.30712	1.7951	
0.198743	-0.148266	0.0986299	-1.04966	-1.307	1.7924	
0.19864	-0.148266	0.0984436	-1.04681	-1.30689	1.7897	
0.198538	-0.148266	0.0982573	-1.04396	-1.30677	1.787	
0.198435	-0.148266	0.0980711	-1.04111	-1.30664	1.7843	
0.198332	-0.148266	0.0978849	-1.03826	-1.30652	1.78161	
0.198228	-0.148266	0.0976988	-1.03542	-1.30639	1.77892	
0.198125	-0.148266	0.0975128	-1.03257	-1.30627	1.77623	
0.198022	-0.148266	0.0973268	-1.02974	-1.30614	1.77355	
0.197918	-0.148266	0.0971408	-1.0269	-1.306	1.77087	
0.197814	-0.148266	0.0969549	-1.02407	-1.30587	1.76819	
0.19771	-0.148267	0.0967691	-1.02124	-1.30573	1.76552	
0.197606	-0.148267	0.0965833	-1.01841	-1.30559	1.76284	
0.197502	-0.148267	0.0963976	-1.01559	-1.30545	1.76017	
0.197398	-0.148268	0.0962119	-1.01277	-1.30531	1.75751	
0.197293	-0.148268	0.0960263	-1.00995	-1.30517	1.75484	
0.197189	-0.148268	0.0958407	-1.00713	-1.30502	1.75219	
0.197084	-0.148269	0.0956552	-1.00432	-1.30487	1.74953	
0.196979	-0.148269	0.0954697	-1.00151	-1.30472	1.74688	
0.196874	-0.14827	0.0952843	-0.998709	-1.30457	1.74423	
0.196769	-0.14827	0.095099	-0.995908	-1.30441	1.74158	
0.196664	-0.148271	0.0949137	-0.993109	-1.30426	1.73894	
0.196558	-0.148272	0.0947284	-0.990314	-1.3041	1.7363	
0.196453	-0.148272	0.0945433	-0.987522	-1.30394	1.73366	
0.196347	-0.148273	0.0943581	-0.984734	-1.30378	1.73103	
0.196241	-0.148274	0.0941731	-0.981949	-1.30361	1.7284	
0.196135	-0.148274	0.0939881	-0.979167	-1.30345	1.72577	
0.196029	-0.148275	0.0938031	-0.976389	-1.30328	1.72315	
0.195922	-0.148276	0.0936182	-0.973614	-1.30311	1.72053	
0.195816	-0.148277	0.0934334	-0.970843	-1.30294	1.71792	
0.195709	-0.148277	0.0932486	-0.968076	-1.30276	1.71531	
0.195603	-0.148278	0.0930639	-0.965312	-1.30259	1.7127	
0.195496	-0.148279	0.0928792	-0.962552	-1.30241	1.7101	
0.195389	-0.14828	0.0926946	-0.959796	-1.30223	1.7075	
0.195281	-0.148281	0.09251	-0.957043	-1.30205	1.7049	
0.195174	-0.148282	0.0923255	-0.954294	-1.30186	1.70231	
0.195067	-0.148283	0.0921411	-0.951549	-1.30168	1.69972	
0.194959	-0.148284	0.0919567	-0.948808	-1.30149	1.69714	
0.194851	-0.148285	0.0917724	-0.94607	-1.3013	1.69456	
0.194743	-0.148286	0.0915881	-0.943336	-1.30111	1.69198	
0.194635	-0.148287	0.0914039	-0.940607	-1.30092	1.68941	
0.194527	-0.148289	0.0912197	-0.937881	-1.30072	1.68684	
0.194419	-0.14829	0.0910356	-0.935159	-1.30053	1.68428	
0.194311	-0.148291	0.0908516	-0.932441	-1.30033	1.68172	
0.194202	-0.148292	0.0906676	-0.929727	-1.30013	1.67916	
0.194093	-0.148294	0.0904837	-0.927017	-1.29992	1.67661	
0.193984	-0.148295	0.0902998	-0.924311	-1.29972	1.67407	
0.193875	-0.148296	0.090116	-0.92161	-1.29951	1.67152	
0.193766	-0.148298	0.0899323	-0.918912	-1.2993	1.66898	
0.193657	-0.148299	0.0897486	-0.916219	-1.29909	1.66645	
0.193547	-0.148301	0.0895649	-0.913529	-1.29888	1.66392	
0.193438	-0.148302	0.0893814	-0.910844	-1.29867	1.66139	
0.193328	-0.148304	0.0891979	-0.908163	-1.29845	1.65887	
0.193218	-0.148305	0.0890144	-0.905487	-1.29824	1.65635	
0.193108	-0.148307	0.088831	-0.902814	-1.29802	1.65384	
0.192998	-0.148308	0.0886477	-0.900146	-1.29779	1.65133	
0.192888	-0.14831	0.0884644	-0.897483	-1.29757	1.64883	
0.192777	-0.148312	0.0882812	-0.894823	-1.29735	1.64633	
0.192667	-0.148313	0.088098	-0.892168	-1.29712	1.64383	
0.192556	-0.148315	0.0879149	-0.889518	-1.29689	1.64134	
0.192445	-0.148317	0.0877319	-0.886871	-1.29666	1.63885	
0.192334	-0.148318	0.0875489	-0.88423	-1.29643	1.63637	
0.192223	-0.14832	0.087366	-0.881592	-1.2962	1.6339	
0.192112	-0.148322	0.0871832	-0.87896	-1.29596	1.63142	
0.192	-0.148324	0.0870004	-0.876331	-1.29572	1.62896	
0.191889	-0.148326	0.0868176	-0.873707	-1.29548	1.62649	
0.191777	-0.148328	0.086635	-0.871088	-1.29524	1.62403	
0.191665	-0.14833	0.0864523	-0.868473	-1.295	1.62158	
0.191553	-0.148332	0.0862698	-0.865863	-1.29476	1.61913	
0.191441	-0.148334	0.0860873	-0.863258	-1.29451	1.61669	
0.191329	-0.148336	0.0859049	-0.860657	-1.29426	1.61425	
0.191216	-0.148338	0.0857225	-0.858061	-1.29401	1.61181	
0.191104	-0.14834	0.0855402	-0.855469	-1.29376	1.60938	
0.190991	-0.148342	0.0853579	-0.852882	-1.29351	1.60696	
0.190878	-0.148345	0.0851758	-0.8503	-1.29325	1.60454	
0.190765	-0.148347	0.0849936	-0.847723	-1.293	1.60212	
0.190652	-0.148349	0.0848116	-0.84515	-1.29274	1.59971	
0.190539	-0.148351	0.0846296	-0.842582	-1.29248	1.5973	
0.190426	-0.148354	0.0844476	-0.840019	-1.29222	1.5949	
0.190312	-0.148356	0.0842658	-0.83746	-1.29195	1.59251	
0.190198	-0.148358	0.084084	-0.834907	-1.29169	1.59011	
0.190085	-0.148361	0.0839022	-0.832358	-1.29142	1.58773	
0.189971	-0.148363	0.0837205	-0.829814	-1.29115	1.58535	
0.189857	-0.148366	0.0835389	-0.827275	-1.29088	1.58297	
0.189742	-0.148368	0.0833573	-0.82474	-1.29061	1.5806	
0.189628	-0.148371	0.0831758	-0.822211	-1.29033	1.57823	
0.189514	-0.148373	0.0829944	-0.819687	-1.29006	1.57587	
0.189399	-0.148376	0.082813	-0.817167	-1.28978	1.57351	
0.189284	-0.148378	0.0826317	-0.814652	-1.2895	1.57116	
0.189169	-0.148381	0.0824505	-0.812143	-1.28922	1.56882	
0.189054	-0.148384	0.0822693	-0.809638	-1.28894	1.56647	
0.188939	-0.148387	0.0820882	-0.807138	-1.28866	1.56414	
0.188824	-0.148389	0.0819071	-0.804644	-1.28837	1.56181	
0.188708	-0.148392	0.0817261	-0.802154	-1.28809	1.55948	
0.188592	-0.148395	0.0815452	-0.799669	-1.2878	1.55716	
0.188477	-0.148398	0.0813643	-0.797189	-1.28751	1.55484	
0.188361	-0.148401	0.0811835	-0.794714	-1.28721	1.55253	
0.188245	-0.148403	0.0810028	-0.792245	-1.28692	1.55023	
0.188129	-0.148406	0.0808221	-0.78978	-1.28663	1.54793	
0.188012	-0.148409	0.0806415	-0.787321	-1.28633	1.54563	
0.187896	-0.148412	0.0804609	-0.784866	-1.28603	1.54334	
0.187779	-0.148415	0.0802805	-0.782417	-1.28573	1.54106	
0.187662	-0.148418	0.0801	-0.779972	-1.28543	1.53878	
0.187546	-0.148422	0.0799197	-0.777533	-1.28513	1.53651	
0.187429	-0.148425	0.0797394	-0.775099	-1.28482	1.53424	
0.187311	-0.148428	0.0795592	-0.77267	-1.28452	1.53197	
0.187194	-0.148431	0.079379	-0.770246	-1.28421	1.52971	
0.187077	-0.148434	0.0791989	-0.767828	-1.2839	1.52746	
0.186959	-0.148437	0.0790189	-0.765414	-1.28359	1.52521	
0.186841	-0.148441	0.078839	-0.763006	-1.28328	1.52297	
0.186723	-0.148444	0.0786591	-0.760602	-1.28296	1.52073	
0.186606	-0.148447	0.0784792	-0.758204	-1.28265	1.5185	
0.186487	-0.148451	0.0782995	-0.755812	-1.28233	1.51627	
0.186369	-0.148454	0.0781198	-0.753424	-1.28201	1.51405	
0.186251	-0.148458	0.0779401	-0.751041	-1.28169	1.51184	
0.186132	-0.148461	0.0777606	-0.748664	-1.28137	1.50962	
0.186013	-0.148465	0.0775811	-0.746292	-1.28105	1.50742	
0.185895	-0.148468	0.0774016	-0.743925	-1.28072	1.50522	
0.185776	-0.148472	0.0772223	-0.741564	-1.2804	1.50302	
0.185657	-0.148475	0.077043	-0.739207	-1.28007	1.50083	
0.185537	-0.148479	0.0768637	-0.736856	-1.27974	1.49865	
0.185418	-0.148483	0.0766846	-0.73451	-1.27941	1.49647	
0.185298	-0.148486	0.0765055	-0.732169	-1.27908	1.4943	
0.185179	-0.14849	0.0763264	-0.729834	-1.27874	1.49213	
0.185059	-0.148494	0.0761475	-0.727504	-1.27841	1.48997	
0.184939	-0.148497	0.0759686	-0.725179	-1.27807	1.48781	
0.184819	-0.148501	0.0757897	-0.722859	-1.27773	1.48566	
0.184699	-0.148505	0.075611	-0.720545	-1.27739	1.48351	
0.184579	-0.148509	0.0754323	-0.718236	-1.27705	1.48137	
0.184458	-0.148513	0.0752536	-0.715932	-1.27671	1.47923	
0.184337	-0.148517	0.0750751	-0.713633	-1.27637	1.4771	
0.184217	-0.148521	0.0748966	-0.71134	-1.27602	1.47498	
0.184096	-0.148525	0.0747182	-0.709052	-1.27568	1.47286	
0.183975	-0.148529	0.0745398	-0.706769	-1.27533	1.47074	
0.183854	-0.148533	0.0743615	-0.704492	-1.27498	1.46864	
0.183732	-0.148537	0.0741833	-0.70222	-1.27463	1.46653	
0.183611	-0.148541	0.0740051	-0.699953	-1.27428	1.46443	
0.183489	-0.148545	0.0738271	-0.697691	-1.27392	1.46234	
0.183368	-0.148549	0.073649	-0.695435	-1.27357	1.46025	
0.183246	-0.148554	0.0734711	-0.693184	-1.27321	1.45817	
0.183124	-0.148558	0.0732932	-0.690938	-1.27285	1.4561	
0.183002	-0.148562	0.0731154	-0.688698	-1.27249	1.45403	
0.182879	-0.148566	0.0729377	-0.686463	-1.27213	1.45196	
0.182757	-0.148571	0.07276	-0.684233	-1.27177	1.4499	
0.182634	-0.148575	0.0725824	-0.682008	-1.27141	1.44784	
0.182512	-0.14858	0.0724049	-0.679789	-1.27104	1.4458	
0.182389	-0.148584	0.0722274	-0.677575	-1.27068	1.44375	
0.182266	-0.148589	0.07205	-0.675366	-1.27031	1.44171	
0.182143	-0.148593	0.0718727	-0.673163	-1.26994	1.43968	
0.18202	-0.148598	0.0716954	-0.670965	-1.26957	1.43765	
0.181896	-0.148602	0.0715183	-0.668772	-1.2692	1.43563	
0.181773	-0.148607	0.0713411	-0.666585	-1.26883	1.43361	
0.181649	-0.148611	0.0711641	-0.664403	-1.26845	1.4316	
0.181525	-0.148616	0.0709871	-0.662226	-1.26808	1.4296	
0.181402	-0.148621	0.0708102	-0.660054	-1.2677	1.4276	
0.181278	-0.148625	0.0706334	-0.657888	-1.26732	1.4256	
0.181153	-0.14863	0.0704566	-0.655727	-1.26695	1.42361	
0.181029	-0.148635	0.0702799	-0.653571	-1.26657	1.42163	
0.180905	-0.14864	0.0701033	-0.65142	-1.26618	1.41965	
0.18078	-0.148645	0.0699268	-0.649275	-1.2658	1.41767	
0.180655	-0.148649	0.0697503	-0.647135	-1.26542	1.41571	
0.18053	-0.148654	0.0695739	-0.645	-1.26503	1.41374	
0.180405	-0.148659	0.0693975	-0.642871	-1.26464	1.41178	
0.18028	-0.148664	0.0692213	-0.640747	-1.26426	1.40983	
0.180155	-0.148669	0.0690451	-0.638628	-1.26387	1.40789	
0.18003	-0.148674	0.068869	-0.636514	-1.26348	1.40594	
0.179904	-0.148679	0.0686929	-0.634406	-1.26308	1.40401	
0.179778	-0.148685	0.0685169	-0.632303	-1.26269	1.40208	
0.179653	-0.14869	0.068341	-0.630205	-1.2623	1.40015	
0.179527	-0.148695	0.0681652	-0.628112	-1.2619	1.39823	
0.179401	-0.1487	0.0679894	-0.626025	-1.2615	1.39632	
0.179274	-0.148705	0.0678137	-0.623943	-1.26111	1.39441	
0.179148	-0.148711	0.0676381	-0.621866	-1.26071	1.39251	
0.179022	-0.148716	0.0674626	-0.619794	-1.26031	1.39061	
0.178895	-0.148721	0.0672871	-0.617727	-1.2599	1.38871	
0.178768	-0.148727	0.0671117	-0.615666	-1.2595	1.38683	
0.178641	-0.148732	0.0669364	-0.61361	-1.2591	1.38494	
0.178514	-0.148737	0.0667611	-0.611559	-1.25869	1.38307	
0.178387	-0.148743	0.0665859	-0.609513	-1.25829	1.38119	
0.17826	-0.148748	0.0664108	-0.607473	-1.25788	1.37933	
0.178132	-0.148754	0.0662358	-0.605437	-1.25747	1.37747	
0.178005	-0.148759	0.0660608	-0.603407	-1.25706	1.37561	
0.177877	-0.148765	0.0658859	-0.601382	-1.25665	1.37376	
0.177749	-0.148771	0.0657111	-0.599362	-1.25624	1.37192	
0.177621	-0.148776	0.0655364	-0.597347	-1.25582	1.37008	
0.177493	-0.148782	0.0653617	-0.595338	-1.25541	1.36824	
0.177365	-0.148788	0.0651871	-0.593333	-1.25499	1.36641	
0.177237	-0.148793	0.0650126	-0.591334	-1.25458	1.36459	
0.177108	-0.148799	0.0648381	-0.58934	-1.25416	1.36277	
0.17698	-0.148805	0.0646637	-0.587351	-1.25374	1.36095	
0.176851	-0.148811	0.0644894	-0.585367	-1.25332	1.35915	
0.176722	-0.148817	0.0643152	-0.583388	-1.2529	1.35734	
0.176593	-0.148822	0.0641411	-0.581414	-1.25248	1.35554	
0.176464	-0.148828	0.063967	-0.579446	-1.25205	1.35375	
0.176334	-0.148834	0.063793	-0.577482	-1.25163	1.35196	
0.176205	-0.14884	0.0636191	-0.575524	-1.2512	1.35018	
0.176075	-0.148846	0.0634452	-0.573571	-1.25077	1.3484	
0.175946	-0.148852	0.0632714	-0.571622	-1.25035	1.34663	
0.175816	-0.148858	0.0630977	-0.569679	-1.24992	1.34486	
0.175686	-0.148865	0.0629241	-0.567741	-1.24949	1.3431	
0.175556	-0.148871	0.0627506	-0.565808	-1.24906	1.34135	
0.175425	-0.148877	0.0625771	-0.56388	-1.24862	1.33959	
0.175295	-0.148883	0.0624037	-0.561956	-1.24819	1.33785	
0.175164	-0.148889	0.0622303	-0.560038	-1.24776	1.33611	
0.175034	-0.148896	0.0620571	-0.558125	-1.24732	1.33437	
0.174903	-0.148902	0.0618839	-0.556217	-1.24688	1.33264	
0.174772	-0.148908	0.0617108	-0.554314	-1.24645	1.33091	
0.174641	-0.148915	0.0615378	-0.552416	-1.24601	1.32919	
0.17451	-0.148921	0.0613649	-0.550523	-1.24557	1.32748	
0.174379	-0.148928	0.061192	-0.548635	-1.24513	1.32577	
0.174247	-0.148934	0.0610192	-0.546751	-1.24469	1.32406	
0.174116	-0.148941	0.0608465	-0.544873	-1.24424	1.32236	
0.173984	-0.148947	0.0606738	-0.543	-1.2438	1.32067	
0.173852	-0.148954	0.0605013	-0.541131	-1.24335	1.31898	
0.17372	-0.14896	0.0603288	-0.539268	-1.24291	1.31729	
0.173588	-0.148967	0.0601564	-0.537409	-1.24246	1.31561	
0.173456	-0.148974	0.059984	-0.535556	-1.24201	1.31394	
0.173323	-0.14898	0.0598118	-0.533707	-1.24156	1.31227	
0.173191	-0.148987	0.0596396	-0.531863	-1.24111	1.3106	
0.173058	-0.148994	0.0594675	-0.530024	-1.24066	1.30894	
0.172925	-0.149001	0.0592955	-0.528189	-1.24021	1.30729	
0.172792	-0.149007	0.0591235	-0.52636	-1.23976	1.30564	
0.172659	-0.149014	0.0589517	-0.524536	-1.23931	1.30399	
0.172526	-0.149021	0.0587799	-0.522716	-1.23885	1.30235	
0.172393	-0.149028	0.0586082	-0.520901	-1.23839	1.30072	
0.172259	-0.149035	0.0584365	-0.519091	-1.23794	1.29909	
0.172126	-0.149042	0.058265	-0.517286	-1.23748	1.29746	
0.171992	-0.149049	0.0580935	-0.515485	-1.23702	1.29584	
0.171858	-0.149056	0.0579221	-0.51369	-1.23656	1.29422	
0.171724	-0.149063	0.0577508	-0.511899	-1.2361	1.29261	
0.17159	-0.14907	0.0575795	-0.510113	-1.23564	1.29101	
0.171456	-0.149077	0.0574084	-0.508331	-1.23518	1.28941	
0.171322	-0.149085	0.0572373	-0.506554	-1.23471	1.28781	
0.171187	-0.149092	0.0570663	-0.504782	-1.23425	1.28622	
0.171053	-0.149099	0.0568953	-0.503015	-1.23378	1.28463	
0.170918	-0.149106	0.0567245	-0.501253	-1.23332	1.28305	
0.170783	-0.149114	0.0565537	-0.499495	-1.23285	1.28147	
0.170648	-0.149121	0.056383	-0.497742	-1.23238	1.2799	
0.170513	-0.149128	0.0562124	-0.495993	-1.23191	1.27833	
0.170377	-0.149136	0.0560419	-0.494249	-1.23145	1.27677	
0.170242	-0.149143	0.0558714	-0.49251	-1.23097	1.27522	
0.170106	-0.149151	0.055701	-0.490776	-1.2305	1.27366	
0.169971	-0.149158	0.0555307	-0.489046	-1.23003	1.27211	
0.169835	-0.149166	0.0553605	-0.487321	-1.22956	1.27057	
0.169699	-0.149173	0.0551904	-0.4856	-1.22908	1.26903	
0.169563	-0.149181	0.0550203	-0.483884	-1.22861	1.2675	
0.169427	-0.149188	0.0548503	-0.482172	-1.22813	1.26597	
0.16929	-0.149196	0.0546805	-0.480465	-1.22765	1.26444	
0.169154	-0.149204	0.0545106	-0.478763	-1.22718	1.26293	
0.169017	-0.149212	0.0543409	-0.477065	-1.2267	1.26141	
0.168881	-0.149219	0.0541712	-0.475372	-1.22622	1.2599	
0.168744	-0.149227	0.0540017	-0.473683	-1.22574	1.25839	
0.168607	-0.149235	0.0538322	-0.471999	-1.22526	1.25689	
0.16847	-0.149243	0.0536628	-0.470319	-1.22478	1.2554	
0.168332	-0.149251	0.0534934	-0.468644	-1.22429	1.2539	
0.168195	-0.149259	0.0533242	-0.466974	-1.22381	1.25242	
0.168058	-0.149266	0.053155	-0.465307	-1.22332	1.25093	
0.16792	-0.149274	0.0529859	-0.463645	-1.22284	1.24946	
0.167782	-0.149282	0.0528169	-0.461988	-1.22235	1.24798	
0.167644	-0.149291	0.052648	-0.460335	-1.22187	1.24651	
0.167506	-0.149299	0.0524791	-0.458687	-1.22138	1.24505	
0.167368	-0.149307	0.0523104	-0.457043	-1.22089	1.24359	
0.16723	-0.149315	0.0521417	-0.455403	-1.2204	1.24214	
0.167091	-0.149323	0.0519731	-0.453768	-1.21991	1.24068	
0.166953	-0.149331	0.0518046	-0.452137	-1.21942	1.23924	
0.166814	-0.14934	0.0516362	-0.45051	-1.21893	1.2378	
0.166675	-0.149348	0.0514678	-0.448888	-1.21843	1.23636	
0.166536	-0.149356	0.0512995	-0.447271	-1.21794	1.23493	
0.166397	-0.149364	0.0511313	-0.445657	-1.21744	1.2335	
0.166258	-0.149373	0.0509632	-0.444048	-1.21695	1.23207	
0.166119	-0.149381	0.0507952	-0.442443	-1.21645	1.23065	
0.165979	-0.14939	0.0506273	-0.440843	-1.21596	1.22924	
0.16584	-0.149398	0.0504594	-0.439246	-1.21546	1.22783	
0.1657	-0.149407	0.0502916	-0.437654	-1.21496	1.22642	
0.16556	-0.149415	0.050124	-0.436067	-1.21446	1.22502	
0.16542	-0.149424	0.0499563	-0.434483	-1.21396	1.22362	
0.16528	-0.149432	0.0497888	-0.432904	-1.21346	1.22223	
0.16514	-0.149441	0.0496214	-0.431329	-1.21296	1.22084	
0.164999	-0.14945	0.049454	-0.429758	-1.21246	1.21946	
0.164859	-0.149458	0.0492867	-0.428192	-1.21196	1.21808	
0.164718	-0.149467	0.0491195	-0.426629	-1.21145	1.2167	
0.164578	-0.149476	0.0489524	-0.425071	-1.21095	1.21533	
0.164437	-0.149485	0.0487854	-0.423517	-1.21044	1.21396	
0.164296	-0.149493	0.0486185	-0.421967	-1.20994	1.2126	
0.164155	-0.149502	0.0484516	-0.420421	-1.20943	1.21124	
0.164013	-0.149511	0.0482848	-0.41888	-1.20892	1.20989	
0.163872	-0.14952	0.0481182	-0.417342	-1.20841	1.20854	
0.16373	-0.149529	0.0479516	-0.415809	-1.20791	1.20719	
0.163589	-0.149538	0.047785	-0.41428	-1.2074	1.20585	
0.163447	-0.149547	0.0476186	-0.412755	-1.20689	1.20451	
0.163305	-0.149556	0.0474522	-0.411233	-1.20638	1.20318	
0.163163	-0.149565	0.047286	-0.409716	-1.20586	1.20185	
0.163021	-0.149574	0.0471198	-0.408203	-1.20535	1.20053	
0.162879	-0.149584	0.0469537	-0.406694	-1.20484	1.19921	
0.162736	-0.149593	0.0467877	-0.40519	-1.20432	1.19789	
0.162594	-0.149602	0.0466218	-0.403689	-1.20381	1.19658	
0.162451	-0.149611	0.0464559	-0.402192	-1.20329	1.19527	
0.162308	-0.14962	0.0462902	-0.400699	-1.20278	1.19397	
0.162165	-0.14963	0.0461245	-0.39921	-1.20226	1.19267	
0.162022	-0.149639	0.0459589	-0.397725	-1.20175	1.19137	
0.161879	-0.149648	0.0457934	-0.396244	-1.20123	1.19008	
0.161736	-0.149658	0.045628	-0.394767	-1.20071	1.18879	
0.161592	-0.149667	0.0454627	-0.393294	-1.20019	1.18751	
0.161449	-0.149677	0.0452974	-0.391825	-1.19967	1.18623	
0.161305	-0.149686	0.0451323	-0.390359	-1.19915	1.18495	
0.161161	-0.149696	0.0449672	-0.388898	-1.19863	1.18368	
0.161017	-0.149705	0.0448022	-0.38744	-1.19811	1.18241	
0.160873	-0.149715	0.0446373	-0.385987	-1.19758	1.18115	
0.160729	-0.149725	0.0444725	-0.384537	-1.19706	1.17989	
0.160585	-0.149734	0.0443078	-0.383091	-1.19654	1.17863	
0.16044	-0.149744	0.0441432	-0.381649	-1.19601	1.17738	
0.160296	-0.149754	0.0439786	-0.380211	-1.19549	1.17614	
0.160151	-0.149764	0.0438141	-0.378776	-1.19496	1.17489	
0.160006	-0.149773	0.0436498	-0.377345	-1.19443	1.17365	
0.159861	-0.149783	0.0434855	-0.375919	-1.19391	1.17242	
0.159716	-0.149793	0.0433213	-0.374495	-1.19338	1.17118	
0.159571	-0.149803	0.0431572	-0.373076	-1.19285	1.16996	
0.159425	-0.149813	0.0429931	-0.371661	-1.19232	1.16873	
0.15928	-0.149823	0.0428292	-0.370249	-1.19179	1.16751	
0.159134	-0.149833	0.0426653	-0.368841	-1.19126	1.1663	
0.158989	-0.149843	0.0425016	-0.367436	-1.19073	1.16508	
0.158843	-0.149853	0.0423379	-0.366036	-1.1902	1.16388	
0.158697	-0.149863	0.0421743	-0.364639	-1.18967	1.16267	
0.158551	-0.149873	0.0420108	-0.363245	-1.18913	1.16147	
0.158404	-0.149883	0.0418474	-0.361856	-1.1886	1.16027	
0.158258	-0.149894	0.0416841	-0.36047	-1.18807	1.15908	
0.158112	-0.149904	0.0415208	-0.359088	-1.18753	1.15789	
0.157965	-0.149914	0.0413577	-0.357709	-1.187	1.1567	
0.157818	-0.149924	0.0411946	-0.356334	-1.18646	1.15552	
0.157671	-0.149935	0.0410316	-0.354962	-1.18592	1.15434	
0.157524	-0.149945	0.0408688	-0.353595	-1.18539	1.15317	
0.157377	-0.149956	0.040706	-0.35223	-1.18485	1.152	
0.15723	-0.149966	0.0405432	-0.35087	-1.18431	1.15083	
0.157083	-0.149976	0.0403806	-0.349513	-1.18377	1.14967	
0.156935	-0.149987	0.0402181	-0.348159	-1.18323	1.14851	
0.156788	-0.149997	0.0400557	-0.346809	-1.18269	1.14735	
0.15664	-0.150008	0.0398933	-0.345463	-1.18215	1.1462	
0.156492	-0.150019	0.039731	-0.34412	-1.18161	1.14505	
0.156344	-0.150029	0.0395689	-0.342781	-1.18107	1.14391	
0.156196	-0.15004	0.0394068	-0.341445	-1.18053	1.14276	
0.156048	-0.150051	0.0392448	-0.340112	-1.17999	1.14163	
0.155899	-0.150061	0.0390829	-0.338783	-1.17944	1.14049	
0.155751	-0.150072	0.0389211	-0.337458	-1.1789	1.13936	
0.155602	-0.150083	0.0387594	-0.336136	-1.17835	1.13823	
0.155454	-0.150094	0.0385977	-0.334817	-1.17781	1.13711	
0.155305	-0.150104	0.0384362	-0.333502	-1.17726	1.13599	
0.155156	-0.150115	0.0382747	-0.332191	-1.17672	1.13487	
0.155007	-0.150126	0.0381134	-0.330882	-1.17617	1.13376	
0.154857	-0.150137	0.0379521	-0.329577	-1.17562	1.13265	
0.154708	-0.150148	0.0377909	-0.328276	-1.17508	1.13155	
0.154559	-0.150159	0.0376298	-0.326978	-1.17453	1.13045	
0.154409	-0.15017	0.0374688	-0.325683	-1.17398	1.12935	
0.154259	-0.150181	0.0373079	-0.324392	-1.17343	1.12825	
0.154109	-0.150193	0.0371471	-0.323104	-1.17288	1.12716	
0.153959	-0.150204	0.0369864	-0.321819	-1.17233	1.12607	
0.153809	-0.150215	0.0368257	-0.320538	-1.17178	1.12499	
0.153659	-0.150226	0.0366652	-0.319259	-1.17123	1.12391	
0.153509	-0.150237	0.0365047	-0.317985	-1.17067	1.12283	
0.153358	-0.150249	0.0363444	-0.316713	-1.17012	1.12175	
0.153208	-0.15026	0.0361841	-0.315445	-1.16957	1.12068	
0.153057	-0.150271	0.0360239	-0.31418	-1.16902	1.11961	
0.152906	-0.150283	0.0358638	-0.312918	-1.16846	1.11855	
0.152755	-0.150294	0.0357038	-0.31166	-1.16791	1.11749	
0.152604	-0.150306	0.0355439	-0.310405	-1.16735	1.11643	
0.152453	-0.150317	0.0353841	-0.309153	-1.1668	1.11538	
0.152302	-0.150329	0.0352244	-0.307904	-1.16624	1.11433	
0.15215	-0.15034	0.0350648	-0.306659	-1.16568	1.11328	
0.151999	-0.150352	0.0349052	-0.305416	-1.16513	1.11223	
0.151847	-0.150363	0.0347458	-0.304177	-1.16457	1.11119	
0.151695	-0.150375	0.0345864	-0.302941	-1.16401	1.11016	
0.151543	-0.150387	0.0344272	-0.301708	-1.16345	1.10912	
0.151391	-0.150398	0.034268	-0.300478	-1.16289	1.10809	
0.151239	-0.15041	0.0341089	-0.299252	-1.16233	1.10706	
0.151087	-0.150422	0.0339499	-0.298028	-1.16177	1.10604	
0.150934	-0.150434	0.033791	-0.296808	-1.16121	1.10502	
0.150782	-0.150445	0.0336323	-0.295591	-1.16065	1.104	
0.150629	-0.150457	0.0334735	-0.294377	-1.16009	1.10299	
0.150476	-0.150469	0.0333149	-0.293166	-1.15953	1.10197	
0.150323	-0.150481	0.0331564	-0.291958	-1.15897	1.10097	
0.15017	-0.150493	0.032998	-0.290753	-1.1584	1.09996	
0.150017	-0.150505	0.0328397	-0.289551	-1.15784	1.09896	
0.149864	-0.150517	0.0326814	-0.288352	-1.15728	1.09796	
0.14971	-0.150529	0.0325233	-0.287157	-1.15671	1.09697	
0.149557	-0.150541	0.0323652	-0.285964	-1.15615	1.09597	
0.149403	-0.150554	0.0322073	-0.284774	-1.15558	1.09498	
0.149249	-0.150566	0.0320494	-0.283588	-1.15502	1.094	
0.149095	-0.150578	0.0318917	-0.282404	-1.15445	1.09301	
0.148941	-0.15059	0.031734	-0.281223	-1.15388	1.09204	
0.148787	-0.150602	0.0315764	-0.280045	-1.15332	1.09106	
0.148633	-0.150615	0.0314189	-0.278871	-1.15275	1.09008	
0.148479	-0.150627	0.0312615	-0.277699	-1.15218	1.08911	
0.148324	-0.150639	0.0311042	-0.27653	-1.15161	1.08815	
0.14817	-0.150652	0.030947	-0.275364	-1.15105	1.08718	
0.148015	-0.150664	0.0307899	-0.274201	-1.15048	1.08622	
0.14786	-0.150677	0.0306329	-0.273041	-1.14991	1.08526	
0.147705	-0.150689	0.030476	-0.271884	-1.14934	1.08431	
0.14755	-0.150702	0.0303192	-0.270729	-1.14877	1.08336	
0.147395	-0.150714	0.0301625	-0.269578	-1.14819	1.08241	
0.147239	-0.150727	0.0300058	-0.268429	-1.14762	1.08146	
0.147084	-0.15074	0.0298493	-0.267284	-1.14705	1.08052	
0.146928	-0.150752	0.0296929	-0.266141	-1.14648	1.07958	
0.146773	-0.150765	0.0295365	-0.265001	-1.14591	1.07864	
0.146617	-0.150778	0.0293803	-0.263863	-1.14533	1.07771	
0.146461	-0.150791	0.0292241	-0.262729	-1.14476	1.07678	
0.146305	-0.150803	0.0290681	-0.261598	-1.14419	1.07585	
0.146148	-0.150816	0.0289121	-0.260469	-1.14361	1.07492	
0.145992	-0.150829	0.0287562	-0.259343	-1.14304	1.074	
0.145836	-0.150842	0.0286005	-0.25822	-1.14246	1.07308	
0.145679	-0.150855	0.0284448	-0.257099	-1.14189	1.07216	
0.145523	-0.150868	0.0282892	-0.255982	-1.14131	1.07125	
0.145366	-0.150881	0.0281337	-0.254867	-1.14073	1.07034	
0.145209	-0.150894	0.0279783	-0.253755	-1.14016	1.06943	
0.145052	-0.150907	0.0278231	-0.252645	-1.13958	1.06853	
0.144895	-0.15092	0.0276679	-0.251539	-1.139	1.06762	
0.144737	-0.150933	0.0275128	-0.250435	-1.13843	1.06673	
0.14458	-0.150946	0.0273578	-0.249334	-1.13785	1.06583	
0.144422	-0.15096	0.0272029	-0.248235	-1.13727	1.06494	
0.144265	-0.150973	0.0270481	-0.247139	-1.13669	1.06404	
0.144107	-0.150986	0.0268934	-0.246046	-1.13611	1.06316	
0.143949	-0.150999	0.0267388	-0.244956	-1.13553	1.06227	
0.143791	-0.151013	0.0265842	-0.243868	-1.13495	1.06139	
0.143633	-0.151026	0.0264298	-0.242783	-1.13437	1.06051	
0.143475	-0.15104	0.0262755	-0.2417	-1.13379	1.05963	
0.143317	-0.151053	0.0261213	-0.240621	-1.13321	1.05876	
0.143158	-0.151066	0.0259672	-0.239543	-1.13262	1.05789	
0.143	-0.15108	0.0258131	-0.238469	-1.13204	1.05702	
0.142841	-0.151094	0.0256592	-0.237397	-1.13146	1.05615	
0.142682	-0.151107	0.0255054	-0.236327	-1.13088	1.05529	
0.142523	-0.151121	0.0253517	-0.23526	-1.13029	1.05443	
0.142364	-0.151134	0.025198	-0.234196	-1.12971	1.05357	
0.142205	-0.151148	0.0250445	-0.233134	-1.12913	1.05272	
0.142046	-0.151162	0.024891	-0.232075	-1.12854	1.05187	
0.141886	-0.151175	0.0247377	-0.231019	-1.12796	1.05102	
0.141727	-0.151189	0.0245845	-0.229965	-1.12737	1.05017	
0.141567	-0.151203	0.0244313	-0.228913	-1.12679	1.04933	
0.141407	-0.151217	0.0242783	-0.227864	-1.1262	1.04849	
0.141247	-0.151231	0.0241253	-0.226818	-1.12561	1.04765	
0.141087	-0.151245	0.0239725	-0.225774	-1.12503	1.04681	
0.140927	-0.151259	0.0238198	-0.224733	-1.12444	1.04598	
0.140767	-0.151273	0.0236671	-0.223694	-1.12385	1.04515	
0.140607	-0.151287	0.0235146	-0.222657	-1.12327	1.04432	
0.140446	-0.151301	0.0233621	-0.221623	-1.12268	1.04349	
0.140286	-0.151315	0.0232098	-0.220592	-1.12209	1.04267	
0.140125	-0.151329	0.0230575	-0.219563	-1.1215	1.04185	
0.139964	-0.151343	0.0229054	-0.218536	-1.12091	1.04103	
0.139803	-0.151357	0.0227533	-0.217512	-1.12032	1.04022	
0.139642	-0.151371	0.0226014	-0.21649	-1.11973	1.03941	
0.139481	-0.151386	0.0224495	-0.215471	-1.11914	1.0386	
0.13932	-0.1514	0.0222978	-0.214454	-1.11855	1.03779	
0.139158	-0.151414	0.0221461	-0.21344	-1.11796	1.03698	
0.138997	-0.151428	0.0219946	-0.212427	-1.11737	1.03618	
0.138835	-0.151443	0.0218431	-0.211418	-1.11678	1.03538	
0.138674	-0.151457	0.0216918	-0.21041	-1.11619	1.03458	
0.138512	-0.151472	0.0215405	-0.209405	-1.1156	1.03379	
0.13835	-0.151486	0.0213894	-0.208403	-1.115	1.033	
0.138188	-0.151501	0.0212383	-0.207403	-1.11441	1.03221	
0.138025	-0.151515	0.0210874	-0.206405	-1.11382	1.03142	
0.137863	-0.15153	0.0209365	-0.205409	-1.11322	1.03064	
0.137701	-0.151544	0.0207858	-0.204416	-1.11263	1.02985	
0.137538	-0.151559	0.0206351	-0.203425	-1.11204	1.02907	
0.137375	-0.151574	0.0204846	-0.202437	-1.11144	1.0283	
0.137213	-0.151588	0.0203341	-0.20145	-1.11085	1.02752	
0.13705	-0.151603	0.0201838	-0.200466	-1.11025	1.02675	
0.136887	-0.151618	0.0200335	-0.199485	-1.10966	1.02598	
0.136724	-0.151633	0.0198834	-0.198505	-1.10906	1.02521	
0.13656	-0.151648	0.0197334	-0.197528	-1.10847	1.02445	
0.136397	-0.151662	0.0195834	-0.196553	-1.10787	1.02368	
0.136233	-0.151677	0.0194336	-0.195581	-1.10727	1.02292	
0.13607	-0.151692	0.0192838	-0.194611	-1.10668	1.02217	
0.135906	-0.151707	0.0191342	-0.193642	-1.10608	1.02141	
0.135742	-0.151722	0.0189847	-0.192677	-1.10548	1.02066	
0.135578	-0.151737	0.0188352	-0.191713	-1.10488	1.01991	
0.135414	-0.151752	0.0186859	-0.190752	-1.10429	1.01916	
0.13525	-0.151768	0.0185367	-0.189792	-1.10369	1.01841	
0.135086	-0.151783	0.0183876	-0.188835	-1.10309	1.01767	
0.134921	-0.151798	0.0182385	-0.187881	-1.10249	1.01693	
0.134757	-0.151813	0.0180896	-0.186928	-1.10189	1.01619	
0.134592	-0.151828	0.0179408	-0.185978	-1.10129	1.01545	
0.134427	-0.151844	0.0177921	-0.185029	-1.10069	1.01472	
0.134263	-0.151859	0.0176435	-0.184083	-1.10009	1.01398	
0.134098	-0.151874	0.017495	-0.183139	-1.09949	1.01325	
0.133933	-0.15189	0.0173466	-0.182198	-1.09889	1.01253	
0.133767	-0.151905	0.0171983	-0.181258	-1.09829	1.0118	
0.133602	-0.151921	0.0170501	-0.180321	-1.09769	1.01108	
0.133437	-0.151936	0.016902	-0.179385	-1.09709	1.01036	
0.133271	-0.151952	0.016754	-0.178452	-1.09649	1.00964	
0.133105	-0.151967	0.0166061	-0.177521	-1.09588	1.00892	
0.13294	-0.151983	0.0164583	-0.176592	-1.09528	1.00821	
0.132774	-0.151998	0.0163106	-0.175665	-1.09468	1.0075	
0.132608	-0.152014	0.016163	-0.17474	-1.09408	1.00679	
0.132442	-0.15203	0.0160156	-0.173817	-1.09347	1.00608	
0.132275	-0.152045	0.0158682	-0.172897	-1.09287	1.00538	
0.132109	-0.152061	0.0157209	-0.171978	-1.09227	1.00467	
0.131943	-0.152077	0.0155738	-0.171061	-1.09166	1.00397	
0.131776	-0.152093	0.0154267	-0.170147	-1.09106	1.00327	
0.131609	-0.152109	0.0152798	-0.169235	-1.09045	1.00258	
0.131443	-0.152124	0.0151329	-0.168324	-1.08985	1.00188	
0.131276	-0.15214	0.0149862	-0.167416	-1.08924	1.00119	
0.131109	-0.152156	0.0148395	-0.166509	-1.08864	1.0005	
0.130941	-0.152172	0.014693	-0.165605	-1.08803	0.999816	
0.130774	-0.152188	0.0145465	-0.164703	-1.08743	0.999131	
0.130607	-0.152204	0.0144002	-0.163803	-1.08682	0.998448	
0.130439	-0.15222	0.014254	-0.162904	-1.08621	0.997767	
0.130272	-0.152237	0.0141079	-0.162008	-1.08561	0.997088	
0.130104	-0.152253	0.0139618	-0.161114	-1.085	0.996411	
0.129936	-0.152269	0.0138159	-0.160221	-1.08439	0.995737	
0.129768	-0.152285	0.0136701	-0.159331	-1.08379	0.995064	
0.1296	-0.152301	0.0135244	-0.158442	-1.08318	0.994394	
0.129432	-0.152318	0.0133788	-0.157556	-1.08257	0.993726	
0.129264	-0.152334	0.0132333	-0.156672	-1.08196	0.99306	
0.129096	-0.15235	0.013088	-0.155789	-1.08136	0.992396	
0.128927	-0.152367	0.0129427	-0.154908	-1.08075	0.991734	
0.128759	-0.152383	0.0127975	-0.15403	-1.08014	0.991074	
0.12859	-0.1524	0.0126524	-0.153153	-1.07953	0.990416	
0.128421	-0.152416	0.0125075	-0.152278	-1.07892	0.98976	
0.128252	-0.152433	0.0123626	-0.151405	-1.07831	0.989107	
0.128083	-0.152449	0.0122179	-0.150534	-1.0777	0.988455	
0.127914	-0.152466	0.0120732	-0.149665	-1.07709	0.987806	
0.127745	-0.152482	0.0119287	-0.148798	-1.07648	0.987158	
0.127575	-0.152499	0.0117843	-0.147932	-1.07587	0.986513	
0.127406	-0.152516	0.0116399	-0.147069	-1.07526	0.985869	
0.127236	-0.152532	0.0114957	-0.146207	-1.07465	0.985228	
0.127067	-0.152549	0.0113516	-0.145347	-1.07404	0.984588	
0.126897	-0.152566	0.0112076	-0.144489	-1.07342	0.983951	
0.126727	-0.152583	0.0110637	-0.143633	-1.07281	0.983315	
0.126557	-0.1526	0.0109199	-0.142779	-1.0722	0.982682	
0.126387	-0.152617	0.0107762	-0.141927	-1.07159	0.98205	
0.126216	-0.152634	0.0106326	-0.141076	-1.07098	0.981421	
0.126046	-0.152651	0.0104892	-0.140227	-1.07036	0.980793	
0.125876	-0.152668	0.0103458	-0.13938	-1.06975	0.980168	
0.125705	-0.152685	0.0102025	-0.138535	-1.06914	0.979544	
0.125534	-0.152702	0.0100594	-0.137692	-1.06853	0.978923	
0.125363	-0.152719	0.00991635	-0.13685	-1.06791	0.978303	
0.125193	-0.152736	0.00977342	-0.136011	-1.0673	0.977685	
0.125022	-0.152753	0.00963059	-0.135173	-1.06668	0.977069	
0.12485	-0.15277	0.00948787	-0.134337	-1.06607	0.976456	
0.124679	-0.152787	0.00934525	-0.133502	-1.06546	0.975844	
0.124508	-0.152805	0.00920275	-0.13267	-1.06484	0.975234	
0.124336	-0.152822	0.00906035	-0.131839	-1.06423	0.974626	
0.124165	-0.152839	0.00891806	-0.13101	-1.06361	0.974019	
0.123993	-0.152857	0.00877588	-0.130182	-1.063	0.973415	
0.123821	-0.152874	0.00863381	-0.129357	-1.06238	0.972813	
0.123649	-0.152892	0.00849184	-0.128533	-1.06176	0.972212	
0.123477	-0.152909	0.00834998	-0.127711	-1.06115	0.971613	
0.123305	-0.152927	0.00820823	-0.12689	-1.06053	0.971017	
0.123133	-0.152944	0.00806659	-0.126072	-1.05992	0.970422	
0.122961	-0.152962	0.00792506	-0.125255	-1.0593	0.969829	
0.122788	-0.152979	0.00778364	-0.12444	-1.05868	0.969238	
0.122616	-0.152997	0.00764232	-0.123626	-1.05807	0.968648	
0.122443	-0.153015	0.00750112	-0.122814	-1.05745	0.968061	
0.12227	-0.153032	0.00736002	-0.122004	-1.05683	0.967475	
0.122097	-0.15305	0.00721903	-0.121195	-1.05621	0.966891	
0.121924	-0.153068	0.00707815	-0.120389	-1.0556	0.966309	
0.121751	-0.153086	0.00693738	-0.119583	-1.05498	0.965729	
0.121578	-0.153104	0.00679672	-0.11878	-1.05436	0.965151	
0.121405	-0.153121	0.00665617	-0.117978	-1.05374	0.964575	
0.121231	-0.153139	0.00651573	-0.117178	-1.05312	0.964	
0.121058	-0.153157	0.0063754	-0.116379	-1.05251	0.963427	
0.120884	-0.153175	0.00623517	-0.115583	-1.05189	0.962856	
0.12071	-0.153193	0.00609506	-0.114787	-1.05127	0.962287	
0.120537	-0.153211	0.00595505	-0.113994	-1.05065	0.961719	
0.120363	-0.153229	0.00581516	-0.113202	-1.05003	0.961153	
0.120189	-0.153248	0.00567538	-0.112411	-1.04941	0.960589	
0.120014	-0.153266	0.0055357	-0.111623	-1.04879	0.960027	
0.11984	-0.153284	0.00539614	-0.110835	-1.04817	0.959467	
0.119666	-0.153302	0.00525668	-0.11005	-1.04755	0.958908	
0.119491	-0.15332	0.00511734	-0.109266	-1.04693	0.958351	
0.119317	-0.153339	0.0049781	-0.108484	-1.04631	0.957796	
0.119142	-0.153357	0.00483898	-0.107703	-1.04569	0.957242	
0.118967	-0.153375	0.00469997	-0.106924	-1.04507	0.956691	
0.118792	-0.153394	0.00456106	-0.106146	-1.04444	0.956141	
0.118617	-0.153412	0.00442227	-0.10537	-1.04382	0.955593	
0.118442	-0.153431	0.00428359	-0.104596	-1.0432	0.955046	
0.118267	-0.153449	0.00414502	-0.103823	-1.04258	0.954501	
0.118092	-0.153468	0.00400656	-0.103051	-1.04196	0.953958	
0.117916	-0.153486	0.00386821	-0.102282	-1.04134	0.953417	
0.11774	-0.153505	0.00372997	-0.101513	-1.04071	0.952877	
0.117565	-0.153523	0.00359185	-0.100747	-1.04009	0.952339	
0.117389	-0.153542	0.00345383	-0.0999814	-1.03947	0.951803	
0.117213	-0.153561	0.00331593	-0.0992177	-1.03885	0.951268	
0.117037	-0.153579	0.00317814	-0.0984556	-1.03822	0.950735	
0.116861	-0.153598	0.00304045	-0.097695	-1.0376	0.950204	
0.116685	-0.153617	0.00290288	-0.0969359	-1.03698	0.949674	
0.116509	-0.153636	0.00276543	-0.0961783	-1.03635	0.949146	
0.116332	-0.153655	0.00262808	-0.0954222	-1.03573	0.94862	
0.116156	-0.153674	0.00249084	-0.0946676	-1.03511	0.948095	
0.115979	-0.153693	0.00235372	-0.0939144	-1.03448	0.947572	
0.115802	-0.153712	0.00221671	-0.0931628	-1.03386	0.947051	
0.115626	-0.153731	0.00207981	-0.0924127	-1.03323	0.946531	
0.115449	-0.15375	0.00194302	-0.091664	-1.03261	0.946013	
0.115272	-0.153769	0.00180635	-0.0909168	-1.03198	0.945496	
0.115094	-0.153788	0.00166979	-0.090171	-1.03136	0.944982	
0.114917	-0.153807	0.00153334	-0.0894268	-1.03073	0.944468	
0.11474	-0.153826	0.001397	-0.0886839	-1.03011	0.943957	
0.114562	-0.153845	0.00126077	-0.0879426	-1.02948	0.943447	
0.114385	-0.153865	0.00112466	-0.0872026	-1.02886	0.942938	
0.114207	-0.153884	0.00098866	-0.0864642	-1.02823	0.942431	
0.114029	-0.153903	0.000852773	-0.0857271	-1.02761	0.941926	
0.113852	-0.153922	0.000716998	-0.0849915	-1.02698	0.941423	
0.113674	-0.153942	0.000581337	-0.0842573	-1.02635	0.94092	
0.113495	-0.153961	0.000445788	-0.0835245	-1.02573	0.94042	
0.113317	-0.153981	0.000310352	-0.0827932	-1.0251	0.939921	
0.113139	-0.154	0.00017503	-0.0820632	-1.02448	0.939424	
0.112961	-0.15402	3.98206e-05	-0.0813347	-1.02385	0.938928	
0.112782	-0.154039	-9.52754e-05	-0.0806075	-1.02322	0.938434	
0.112604	-0.154059	-0.000230258	-0.0798818	-1.0226	0.937941	
0.112425	-0.154078	-0.000365127	-0.0791574	-1.02197	0.93745	
0.112246	-0.154098	-0.000499883	-0.0784345	-1.02134	0.93696	
0.112067	-0.154118	-0.000634525	-0.0777129	-1.02071	0.936472	
0.111888	-0.154137	-0.000769053	-0.0769927	-1.02009	0.935986	
0.111709	-0.154157	-0.000903467	-0.0762738	-1.01946	0.935501	
0.11153	-0.154177	-0.00103777	-0.0755564	-1.01883	0.935017	
0.11135	-0.154197	-0.00117195	-0.0748403	-1.0182	0.934536	
0.111171	-0.154217	-0.00130603	-0.0741255	-1.01757	0.934055	
0.110991	-0.154237	-0.00143999	-0.0734121	-1.01695	0.933576	
0.110812	-0.154257	-0.00157383	-0.0727001	-1.01632	0.933099	
0.110632	-0.154276	-0.00170756	-0.0719894	-1.01569	0.932623	
0.110452	-0.154296	-0.00184118	-0.0712801	-1.01506	0.932149	
0.110272	-0.154317	-0.00197468	-0.070572	-1.01443	0.931676	
0.110092	-0.154337	-0.00210806	-0.0698654	-1.0138	0.931204	
0.109912	-0.154357	-0.00224134	-0.06916	-1.01317	0.930735	
0.109732	-0.154377	-0.00237449	-0.068456	-1.01254	0.930266	
0.109552	-0.154397	-0.00250754	-0.0677532	-1.01191	0.929799	
0.109371	-0.154417	-0.00264046	-0.0670518	-1.01128	0.929334	
0.109191	-0.154437	-0.00277328	-0.0663517	-1.01065	0.92887	
0.10901	-0.154458	-0.00290598	-0.0656529	-1.01002	0.928407	
0.108829	-0.154478	-0.00303856	-0.0649554	-1.00939	0.927946	
0.108648	-0.154498	-0.00317103	-0.0642592	-1.00876	0.927486	
0.108467	-0.154519	-0.00330338	-0.0635643	-1.00813	0.927028	
0.108286	-0.154539	-0.00343562	-0.0628707	-1.0075	0.926572	
0.108105	-0.154559	-0.00356774	-0.0621784	-1.00687	0.926116	
0.107924	-0.15458	-0.00369975	-0.0614873	-1.00624	0.925662	
0.107742	-0.1546	-0.00383164	-0.0607975	-1.00561	0.92521	
0.107561	-0.154621	-0.00396341	-0.060109	-1.00498	0.924759	
0.107379	-0.154642	-0.00409507	-0.0594217	-1.00435	0.924309	
0.107198	-0.154662	-0.00422662	-0.0587357	-1.00372	0.923861	
0.107016	-0.154683	-0.00435804	-0.058051	-1.00309	0.923415	
0.106834	-0.154704	-0.00448936	-0.0573675	-1.00245	0.922969	
0.106652	-0.154724	-0.00462055	-0.0566853	-1.00182	0.922525	
0.10647	-0.154745	-0.00475163	-0.0560043	-1.00119	0.922083	
0.106288	-0.154766	-0.0048826	-0.0553245	-1.00056	0.921642	
0.106106	-0.154787	-0.00501344	-0.054646	-0.999928	0.921202	
0.105923	-0.154807	-0.00514418	-0.0539687	-0.999296	0.920764	
0.105741	-0.154828	-0.00527479	-0.0532926	-0.998663	0.920327	
0.105558	-0.154849	-0.00540529	-0.0526178	-0.998031	0.919891	
0.105376	-0.15487	-0.00553567	-0.0519442	-0.997399	0.919457	
0.105193	-0.154891	-0.00566594	-0.0512717	-0.996766	0.919024	
0.10501	-0.154912	-0.00579609	-0.0506005	-0.996133	0.918593	
0.104827	-0.154933	-0.00592612	-0.0499305	-0.9955	0.918163	
0.104644	-0.154954	-0.00605603	-0.0492618	-0.994868	0.917734	
0.104461	-0.154975	-0.00618583	-0.0485942	-0.994234	0.917307	
0.104277	-0.154997	-0.00631551	-0.0479278	-0.993601	0.916881	
