-0.2	-0.25	0.7	-1.7	0	0	0	
-0.199642	-0.250029	0.700178	-1.6996	-3.13349e-05	-2.8514e-05	-4.26652e-06	
-0.199285	-0.250056	0.700357	-1.6992	-6.47045e-05	-5.41694e-05	-7.02295e-06	
-0.198929	-0.250083	0.700536	-1.6988	-9.9267e-05	-7.86382e-05	-4.19523e-06	
-0.198573	-0.250109	0.700715	-1.69839	-0.000134146	-0.000103536	-6.45398e-06	
-0.198194	-0.250165	0.70089	-1.69804	-0.000164958	-0.000139074	4.23657e-06	
-0.197824	-0.250205	0.70107	-1.69766	-0.000200679	-0.000169072	4.47219e-06	
-0.197505	-0.250193	0.701256	-1.69719	-0.00022881	-0.000194066	-1.0007e-05	
-0.197152	-0.250218	0.701436	-1.69678	-0.000259743	-0.000219587	-1.48468e-05	
-0.196794	-0.250248	0.701613	-1.69638	-0.000292706	-0.000244854	-2.08036e-05	
-0.196438	-0.250274	0.701793	-1.69597	-0.000324198	-0.000271395	-2.41074e-05	
-0.196078	-0.2503	0.701972	-1.69558	-0.000353709	-0.000306645	-2.06628e-05	
-0.195723	-0.250325	0.702151	-1.69517	-0.000386779	-0.000332415	-2.35195e-05	
-0.195364	-0.250356	0.70233	-1.69477	-0.000424143	-0.000349808	-2.76473e-05	
-0.195011	-0.25038	0.702508	-1.69437	-0.000459576	-0.000374077	-2.62927e-05	
-0.194653	-0.250405	0.702688	-1.69396	-0.000484445	-0.000410673	-2.9211e-05	
-0.194295	-0.250433	0.702864	-1.69356	-0.000522428	-0.000434217	-2.72665e-05	
-0.19394	-0.250458	0.703045	-1.69316	-0.000551773	-0.000462073	-3.29628e-05	
-0.19358	-0.250489	0.703224	-1.69276	-0.000582555	-0.000489514	-3.67343e-05	
-0.193225	-0.250511	0.703402	-1.69235	-0.000611445	-0.000523832	-3.50248e-05	
-0.192866	-0.25054	0.703581	-1.69195	-0.000643866	-0.00055049	-3.8397e-05	
-0.192514	-0.250565	0.703762	-1.69155	-0.000679492	-0.000567937	-3.9627e-05	
-0.192156	-0.250593	0.70394	-1.69115	-0.000713559	-0.000593804	-4.26226e-05	
-0.1918	-0.250617	0.704119	-1.69074	-0.000747621	-0.000620371	-4.23102e-05	
-0.19144	-0.250647	0.704299	-1.69034	-0.000775295	-0.000649417	-4.71791e-05	
-0.191082	-0.250671	0.704474	-1.68994	-0.000810116	-0.000681424	-4.42061e-05	
-0.190725	-0.250697	0.704656	-1.68954	-0.00083757	-0.000711403	-4.78368e-05	
-0.190373	-0.250725	0.704836	-1.68913	-0.000872047	-0.000728709	-5.10661e-05	
-0.190014	-0.250753	0.705015	-1.68873	-0.000903096	-0.000756162	-5.52125e-05	
-0.189657	-0.250774	0.705193	-1.68833	-0.000941256	-0.000782123	-5.28839e-05	
-0.189301	-0.250803	0.705374	-1.68792	-0.000966915	-0.000810959	-5.98749e-05	
-0.188945	-0.250829	0.705552	-1.68752	-0.00100104	-0.000836414	-5.82329e-05	
-0.188586	-0.250856	0.70573	-1.68712	-0.00103534	-0.000863342	-5.69372e-05	
-0.188227	-0.250884	0.70591	-1.68672	-0.00106289	-0.000892847	-6.39121e-05	
-0.187872	-0.250908	0.706087	-1.68632	-0.0010999	-0.000917167	-6.33607e-05	
-0.187518	-0.250933	0.706271	-1.68591	-0.00112954	-0.00093945	-6.92835e-05	
-0.187161	-0.25096	0.70645	-1.68551	-0.00116022	-0.000966949	-7.04878e-05	
-0.186802	-0.250982	0.706625	-1.68511	-0.00119642	-0.000999888	-6.68811e-05	
-0.186443	-0.251009	0.706804	-1.68471	-0.0012279	-0.00102836	-6.68068e-05	
-0.18609	-0.251037	0.706987	-1.6843	-0.00125584	-0.00104949	-7.6047e-05	
-0.185731	-0.251063	0.707165	-1.6839	-0.00128912	-0.00107714	-7.57013e-05	
-0.185371	-0.251092	0.707341	-1.6835	-0.00132494	-0.00110258	-7.4614e-05	
-0.185015	-0.251118	0.707522	-1.6831	-0.00135288	-0.00113161	-7.69831e-05	
-0.184658	-0.251143	0.707701	-1.6827	-0.00139059	-0.00115067	-8.17429e-05	
-0.184303	-0.251168	0.707881	-1.68229	-0.00142035	-0.00117887	-8.38657e-05	
-0.183948	-0.251193	0.70806	-1.68189	-0.00145079	-0.00120658	-8.43625e-05	
-0.18359	-0.251218	0.70824	-1.68149	-0.00148141	-0.00123575	-8.52418e-05	
-0.183231	-0.251249	0.708419	-1.68109	-0.00151732	-0.00125473	-8.85315e-05	
-0.182877	-0.251271	0.708597	-1.68068	-0.00155076	-0.00128126	-9.02161e-05	
-0.182519	-0.251294	0.708776	-1.68028	-0.00158318	-0.00130978	-9.31014e-05	
-0.18216	-0.251321	0.708958	-1.67988	-0.00160939	-0.00134129	-9.53823e-05	
-0.181802	-0.251347	0.709133	-1.67948	-0.00164634	-0.00136655	-9.51777e-05	
-0.181448	-0.25137	0.709313	-1.67907	-0.0016754	-0.00139541	-9.82643e-05	
-0.18109	-0.2514	0.709493	-1.67867	-0.00170877	-0.00141588	-0.000102759	
-0.180732	-0.251425	0.709673	-1.67827	-0.00173832	-0.00144552	-0.000101669	
-0.180377	-0.25145	0.709855	-1.67787	-0.00177171	-0.00146685	-0.000105119	
-0.180017	-0.251474	0.71003	-1.67746	-0.00180283	-0.00150206	-0.000104623	
-0.179662	-0.251498	0.710211	-1.67706	-0.00183814	-0.00152253	-0.000107932	
-0.179306	-0.251525	0.710389	-1.67666	-0.00186624	-0.00155096	-0.00011007	
-0.178948	-0.251555	0.71057	-1.67626	-0.00189718	-0.00157289	-0.000115732	
-0.17859	-0.251577	0.710749	-1.67586	-0.00193234	-0.00160107	-0.000109457	
-0.178236	-0.251604	0.710928	-1.67545	-0.00196621	-0.00162033	-0.000115974	
-0.177879	-0.251626	0.711108	-1.67505	-0.00199537	-0.00165055	-0.000115962	
-0.177521	-0.251652	0.711286	-1.67464	-0.00202761	-0.00167871	-0.000118261	
-0.177162	-0.25168	0.711466	-1.67424	-0.00206229	-0.00170019	-0.000121147	
-0.176806	-0.251706	0.711645	-1.67384	-0.00208928	-0.00172971	-0.000125835	
-0.176449	-0.251729	0.711826	-1.67344	-0.00212483	-0.00175135	-0.000123946	
-0.176094	-0.251754	0.712005	-1.67303	-0.00215382	-0.00177999	-0.000128513	
-0.175734	-0.251778	0.712182	-1.67263	-0.0021899	-0.00180767	-0.000128148	
-0.175378	-0.251805	0.712362	-1.67223	-0.00222218	-0.00182909	-0.00013179	
-0.175018	-0.251832	0.712541	-1.67183	-0.00225284	-0.00185927	-0.000128998	
-0.174662	-0.251852	0.712721	-1.67143	-0.00228305	-0.00188966	-0.000131554	
-0.174309	-0.251878	0.712903	-1.67102	-0.00231131	-0.00191208	-0.000138906	
-0.17395	-0.251904	0.713082	-1.67062	-0.00234744	-0.00193286	-0.000137631	
-0.173591	-0.251928	0.71326	-1.67022	-0.00238145	-0.00196193	-0.000138548	
-0.173234	-0.251954	0.713441	-1.66981	-0.00241166	-0.00198472	-0.000143349	
-0.172878	-0.251979	0.71362	-1.66941	-0.00244125	-0.00201446	-0.0001427	
-0.172522	-0.252004	0.713801	-1.66901	-0.00247352	-0.00203635	-0.000147439	
-0.172164	-0.25203	0.713976	-1.66861	-0.00250707	-0.00206349	-0.000147627	
-0.171806	-0.252056	0.714157	-1.66821	-0.00254046	-0.00208629	-0.000151376	
-0.171446	-0.252079	0.714335	-1.66781	-0.00257327	-0.00211604	-0.000149718	
-0.171094	-0.252103	0.714517	-1.6674	-0.00260248	-0.00213836	-0.00015658	
-0.170737	-0.252127	0.714696	-1.667	-0.00263964	-0.00215903	-0.000155056	
-0.170376	-0.252152	0.714877	-1.66659	-0.00266652	-0.00219204	-0.00015692	
-0.170018	-0.252179	0.715053	-1.66619	-0.00269818	-0.00222051	-0.000158263	
-0.169664	-0.252202	0.715233	-1.66579	-0.00273142	-0.00224215	-0.000160319	
-0.169306	-0.252227	0.715414	-1.66539	-0.00276388	-0.00226571	-0.000163777	
-0.168947	-0.252255	0.715593	-1.66499	-0.00279038	-0.00229678	-0.000164747	
-0.16859	-0.252278	0.715773	-1.66459	-0.00282575	-0.00231876	-0.000164416	
-0.168233	-0.252301	0.715954	-1.66418	-0.00285182	-0.00235125	-0.000168311	
-0.167875	-0.252326	0.71613	-1.66378	-0.00289123	-0.00237059	-0.00016891	
-0.16752	-0.252349	0.716311	-1.66337	-0.00292271	-0.00239352	-0.00017206	
-0.16716	-0.252375	0.716489	-1.66298	-0.00295358	-0.00242399	-0.000170665	
-0.166805	-0.252397	0.716669	-1.66257	-0.00298651	-0.00244662	-0.000177661	
-0.166447	-0.252424	0.716849	-1.66217	-0.0030123	-0.00247841	-0.000178187	
-0.166091	-0.252447	0.717031	-1.66176	-0.00304944	-0.00249311	-0.000180608	
-0.165734	-0.252473	0.717209	-1.66136	-0.00307746	-0.00252394	-0.000181158	
-0.165377	-0.252493	0.717388	-1.66096	-0.00311459	-0.00254587	-0.000183521	
-0.165016	-0.252519	0.717567	-1.66056	-0.00314388	-0.00257758	-0.000183194	
-0.164661	-0.252544	0.717745	-1.66015	-0.0031776	-0.00259891	-0.000185412	
-0.164306	-0.252568	0.717929	-1.65975	-0.00320243	-0.00262566	-0.000189028	
-0.163947	-0.252594	0.718108	-1.65935	-0.00323743	-0.00264787	-0.000190373	
-0.163587	-0.252617	0.718285	-1.65895	-0.00327125	-0.00267766	-0.000190197	
-0.163231	-0.252642	0.718465	-1.65855	-0.00330123	-0.00270116	-0.000193325	
-0.162876	-0.252667	0.718645	-1.65814	-0.00333244	-0.00272429	-0.000197915	
-0.162518	-0.25269	0.718827	-1.65774	-0.00336189	-0.00275035	-0.000199297	
-0.162135	-0.252746	0.719001	-1.65739	-0.003397	-0.00278252	-0.000185154	
-0.161804	-0.252738	0.719186	-1.65693	-0.00342825	-0.00280524	-0.000203419	
-0.161445	-0.252762	0.719365	-1.65653	-0.00346293	-0.00282802	-0.000204398	
-0.161089	-0.252787	0.719546	-1.65613	-0.00349153	-0.00285271	-0.000208413	
-0.16073	-0.252808	0.719722	-1.65573	-0.00352704	-0.00288206	-0.000205569	
-0.160373	-0.252836	0.719905	-1.65533	-0.00355923	-0.00289942	-0.0002089	
-0.160016	-0.252857	0.720082	-1.65492	-0.00358904	-0.00293069	-0.000211489	
-0.159657	-0.252881	0.720263	-1.65452	-0.00362135	-0.00295524	-0.000214791	
-0.159301	-0.252907	0.720444	-1.65412	-0.00364818	-0.00298083	-0.000214321	
-0.158943	-0.25293	0.720624	-1.65371	-0.00368285	-0.00300437	-0.000217738	
-0.158587	-0.252954	0.720805	-1.65331	-0.00371132	-0.00302959	-0.000221178	
-0.158228	-0.252979	0.72098	-1.65291	-0.00375092	-0.00304981	-0.000221804	
-0.157869	-0.253003	0.721162	-1.65251	-0.00378081	-0.00307586	-0.000224462	
-0.157512	-0.253023	0.721339	-1.6521	-0.00381132	-0.00310702	-0.000222708	
-0.157155	-0.253048	0.721522	-1.6517	-0.00383628	-0.00313434	-0.000226772	
-0.156798	-0.253076	0.721701	-1.6513	-0.00387461	-0.00314848	-0.000228237	
-0.156441	-0.253099	0.721883	-1.6509	-0.00390198	-0.00317479	-0.000232399	
-0.156082	-0.253118	0.72206	-1.65049	-0.00393636	-0.00320575	-0.000230037	
-0.155725	-0.253144	0.722238	-1.65009	-0.00396799	-0.00322934	-0.000235214	
-0.155368	-0.253169	0.722421	-1.64969	-0.00400104	-0.00324726	-0.00023641	
-0.155013	-0.253189	0.722601	-1.64928	-0.00403328	-0.0032715	-0.000240846	
-0.154653	-0.253215	0.72278	-1.64888	-0.00405876	-0.00330515	-0.000241086	
-0.154295	-0.253236	0.722959	-1.64848	-0.00409323	-0.0033296	-0.000240963	
-0.153939	-0.253263	0.72314	-1.64808	-0.00412567	-0.00334605	-0.000244423	
-0.153582	-0.253282	0.72332	-1.64767	-0.00415227	-0.00338032	-0.000246386	
-0.153223	-0.25331	0.723501	-1.64727	-0.00418623	-0.00339758	-0.000249093	
-0.15284	-0.253368	0.723675	-1.64693	-0.00422436	-0.00342268	-0.000234552	
-0.152509	-0.253356	0.723861	-1.64647	-0.00425414	-0.00344775	-0.000250371	
-0.152149	-0.25338	0.724039	-1.64606	-0.00428887	-0.00347212	-0.000255623	
-0.151791	-0.253405	0.724219	-1.64566	-0.00431823	-0.00349753	-0.000256667	
-0.151435	-0.253425	0.7244	-1.64526	-0.00434703	-0.00352421	-0.000258297	
-0.151078	-0.253449	0.724579	-1.64486	-0.00437891	-0.00354856	-0.000259483	
-0.150721	-0.253472	0.724757	-1.64445	-0.00441207	-0.0035725	-0.000262152	
-0.150363	-0.253497	0.724938	-1.64405	-0.00444775	-0.00358968	-0.000265575	
-0.150004	-0.253517	0.725119	-1.64365	-0.00447111	-0.00362634	-0.000264538	
-0.14965	-0.253539	0.725298	-1.64324	-0.0045103	-0.00364058	-0.000269018	
-0.149287	-0.253563	0.725477	-1.64284	-0.00453708	-0.00367634	-0.000268153	
-0.148931	-0.253587	0.725658	-1.64244	-0.00457053	-0.00369367	-0.000272696	
-0.148574	-0.25361	0.725836	-1.64204	-0.00460377	-0.00371793	-0.000271961	
-0.148219	-0.253633	0.726017	-1.64163	-0.00463026	-0.00374443	-0.000274419	
-0.14786	-0.253657	0.726197	-1.64123	-0.00466662	-0.00376185	-0.000276962	
-0.147502	-0.253681	0.726378	-1.64083	-0.00469475	-0.00378911	-0.000278706	
-0.147144	-0.253703	0.726558	-1.64043	-0.00472416	-0.00381595	-0.000281911	
-0.146786	-0.253726	0.726737	-1.64003	-0.00475562	-0.00384152	-0.00027998	
-0.146429	-0.253747	0.726917	-1.63962	-0.00478765	-0.00386726	-0.000283357	
-0.146073	-0.253769	0.727097	-1.63922	-0.00482318	-0.00388435	-0.000288353	
-0.145714	-0.253793	0.727278	-1.63882	-0.00485026	-0.00391256	-0.000287729	
-0.145352	-0.253817	0.727454	-1.63842	-0.00488713	-0.00393669	-0.00029005	
-0.144998	-0.253837	0.727633	-1.63801	-0.00491781	-0.00396192	-0.000290448	
-0.144639	-0.253859	0.727814	-1.63761	-0.00494819	-0.0039889	-0.00029253	
-0.144285	-0.253883	0.727998	-1.6372	-0.00497473	-0.00400955	-0.000296604	
-0.143922	-0.253908	0.728175	-1.63681	-0.00500926	-0.00403529	-0.000297812	
-0.143568	-0.253931	0.728357	-1.6364	-0.0050392	-0.00405422	-0.000298187	
-0.143207	-0.253951	0.728536	-1.636	-0.00507389	-0.00408109	-0.000302551	
-0.142852	-0.253975	0.728715	-1.6356	-0.00510832	-0.00409721	-0.000303977	
-0.142492	-0.253994	0.728894	-1.63519	-0.00513626	-0.00413319	-0.000305949	
-0.142134	-0.254019	0.729073	-1.63479	-0.0051629	-0.00416057	-0.000306803	
-0.141778	-0.25404	0.729254	-1.63439	-0.00519858	-0.00417866	-0.000308131	
-0.141417	-0.254066	0.729433	-1.63399	-0.00522698	-0.00420677	-0.000308284	
-0.141063	-0.254086	0.729616	-1.63358	-0.00525734	-0.00422658	-0.000313804	
-0.140702	-0.254111	0.729795	-1.63318	-0.00528848	-0.00425354	-0.000314107	
-0.140345	-0.254132	0.729977	-1.63278	-0.00532134	-0.00427349	-0.000315121	
-0.13999	-0.254154	0.730155	-1.63237	-0.00535825	-0.00428945	-0.000319304	
-0.139632	-0.254178	0.730334	-1.63197	-0.00538612	-0.00431711	-0.0003213	
-0.139272	-0.254199	0.730516	-1.63157	-0.0054127	-0.00434758	-0.000320288	
-0.138912	-0.254219	0.730692	-1.63117	-0.00545067	-0.00437176	-0.000322429	
-0.138555	-0.254246	0.730875	-1.63077	-0.00547655	-0.00439375	-0.0003253	
-0.138201	-0.254265	0.731057	-1.63036	-0.0055104	-0.00441249	-0.000326848	
-0.137814	-0.254321	0.731231	-1.63002	-0.00554834	-0.00444142	-0.000312895	
-0.137484	-0.254312	0.731417	-1.62956	-0.00557599	-0.00446063	-0.000331578	
-0.137126	-0.254334	0.731596	-1.62915	-0.00560527	-0.00448848	-0.000334546	
-0.136768	-0.254355	0.731775	-1.62875	-0.00563605	-0.00451559	-0.000336238	
-0.136407	-0.254379	0.731956	-1.62835	-0.0056694	-0.0045359	-0.000338684	
-0.136052	-0.2544	0.732134	-1.62795	-0.00570572	-0.0045533	-0.000339541	
-0.135692	-0.254423	0.732315	-1.62754	-0.00573239	-0.00458294	-0.000341783	
-0.135335	-0.254446	0.732497	-1.62714	-0.00576258	-0.00460389	-0.000345566	
-0.134976	-0.254467	0.732675	-1.62674	-0.00579281	-0.00463177	-0.000344081	
-0.134619	-0.254489	0.732856	-1.62634	-0.00582586	-0.0046515	-0.000347993	
-0.13426	-0.254508	0.733034	-1.62593	-0.00585825	-0.00467871	-0.0003505	
-0.133902	-0.254533	0.733216	-1.62553	-0.00588663	-0.00470085	-0.000349545	
-0.133548	-0.254554	0.733398	-1.62512	-0.00591658	-0.00472121	-0.000354622	
-0.133186	-0.254573	0.733575	-1.62473	-0.00595294	-0.00474806	-0.000354059	
-0.13283	-0.254596	0.733759	-1.62432	-0.00597753	-0.00477137	-0.000358006	
-0.13247	-0.25462	0.733935	-1.62392	-0.00601128	-0.00479764	-0.00035802	
-0.132112	-0.254639	0.734115	-1.62351	-0.00604608	-0.0048174	-0.000362551	
-0.131757	-0.254661	0.734297	-1.62311	-0.00607563	-0.00483844	-0.000364111	
-0.131398	-0.254683	0.734479	-1.62271	-0.00610582	-0.0048606	-0.000363578	
-0.13101	-0.254742	0.734653	-1.62237	-0.00614077	-0.00489128	-0.000348782	
-0.130683	-0.254727	0.734838	-1.6219	-0.00617195	-0.00490975	-0.000369507	
-0.130327	-0.254749	0.735021	-1.6215	-0.00619915	-0.00493247	-0.000369824	
-0.129967	-0.254771	0.735198	-1.6211	-0.00623674	-0.00495077	-0.000373065	
-0.129606	-0.254792	0.735379	-1.6207	-0.00626375	-0.00498237	-0.000372543	
-0.129249	-0.254815	0.735558	-1.6203	-0.00629703	-0.0050017	-0.0003752	
-0.128892	-0.254832	0.735737	-1.61989	-0.00632727	-0.00503068	-0.0003794	
-0.128533	-0.254857	0.735919	-1.61949	-0.00635532	-0.00505292	-0.000380583	
-0.128174	-0.254876	0.736099	-1.61908	-0.00639021	-0.00507403	-0.000383036	
-0.127814	-0.254898	0.736277	-1.61868	-0.00641906	-0.00510325	-0.00038414	
-0.127457	-0.254921	0.736456	-1.61828	-0.00645217	-0.00512318	-0.000382883	
-0.1271	-0.25494	0.736637	-1.61788	-0.00648415	-0.00514482	-0.000385946	
-0.126741	-0.254965	0.736819	-1.61748	-0.00651138	-0.00516819	-0.000386913	
-0.126382	-0.254983	0.736995	-1.61707	-0.00654596	-0.00519514	-0.000390793	
-0.126026	-0.255005	0.73718	-1.61667	-0.00657633	-0.00521092	-0.000393685	
-0.125665	-0.255025	0.737358	-1.61627	-0.00660576	-0.00524075	-0.000395884	
-0.125307	-0.255048	0.737537	-1.61587	-0.00663944	-0.00526129	-0.000395712	
-0.12495	-0.25507	0.737719	-1.61546	-0.00666655	-0.00528418	-0.000399667	
-0.124592	-0.25509	0.737897	-1.61506	-0.0067026	-0.00530393	-0.000403392	
-0.124232	-0.255114	0.738078	-1.61466	-0.00673253	-0.00532686	-0.000402737	
-0.123874	-0.255132	0.738256	-1.61425	-0.00676224	-0.00535584	-0.000405256	
-0.123518	-0.255152	0.73844	-1.61385	-0.00679534	-0.00537115	-0.000406488	
-0.123159	-0.255173	0.73862	-1.61345	-0.00681999	-0.00540299	-0.000407073	
-0.1228	-0.255193	0.738799	-1.61305	-0.00685575	-0.00542358	-0.000409074	
-0.122442	-0.255214	0.73898	-1.61264	-0.00688535	-0.00544615	-0.000412399	
-0.122084	-0.255238	0.739157	-1.61224	-0.00691876	-0.00546604	-0.000414049	
-0.121724	-0.255259	0.739338	-1.61184	-0.00695085	-0.00548897	-0.000415359	
-0.121365	-0.255281	0.73952	-1.61144	-0.00697681	-0.00551387	-0.000417886	
-0.121011	-0.255301	0.739701	-1.61103	-0.00700578	-0.00553583	-0.000418571	
-0.120651	-0.25532	0.739879	-1.61063	-0.00704238	-0.00555689	-0.000421176	
-0.120293	-0.25534	0.74006	-1.61023	-0.00707316	-0.00557973	-0.00042368	
-0.119932	-0.255367	0.740241	-1.60983	-0.00709936	-0.00560426	-0.000423551	
-0.119575	-0.255384	0.740421	-1.60942	-0.00713262	-0.00562624	-0.000429865	
-0.119216	-0.255405	0.740603	-1.60902	-0.00716026	-0.00565102	-0.000428772	
-0.118858	-0.255422	0.740781	-1.60861	-0.00719696	-0.00567145	-0.000433802	
-0.1185	-0.255447	0.740962	-1.60821	-0.00722196	-0.00569584	-0.000434557	
-0.118142	-0.255466	0.741142	-1.60781	-0.0072542	-0.00571871	-0.000434656	
-0.117782	-0.255488	0.741319	-1.60741	-0.00728981	-0.00573926	-0.000435633	
-0.117425	-0.255507	0.741501	-1.60701	-0.00731767	-0.00576337	-0.000436627	
-0.117066	-0.255527	0.741683	-1.6066	-0.00734599	-0.00578886	-0.000438114	
-0.116708	-0.255548	0.741861	-1.6062	-0.00737837	-0.00581027	-0.00044246	
-0.116349	-0.255566	0.742042	-1.60579	-0.00740993	-0.00583434	-0.000443862	
-0.115991	-0.255591	0.742224	-1.6054	-0.0074399	-0.0058501	-0.000444475	
-0.115631	-0.255611	0.742402	-1.60499	-0.00747598	-0.00587147	-0.000449245	
-0.115272	-0.255627	0.742581	-1.60459	-0.00750289	-0.00590413	-0.000449872	
-0.114915	-0.25565	0.742761	-1.60419	-0.00753752	-0.00591793	-0.000451576	
-0.114555	-0.255674	0.742943	-1.60379	-0.0075631	-0.0059438	-0.000453059	
-0.114198	-0.255689	0.743122	-1.60338	-0.00759709	-0.00596607	-0.000453606	
-0.113839	-0.255711	0.743303	-1.60298	-0.00762548	-0.00599086	-0.000457476	
-0.113481	-0.255734	0.743484	-1.60258	-0.00765815	-0.00600632	-0.000458811	
-0.113121	-0.255754	0.743663	-1.60217	-0.00768986	-0.00602965	-0.00046252	
-0.112763	-0.25577	0.743843	-1.60177	-0.00772193	-0.00605357	-0.000462684	
-0.112406	-0.255791	0.744023	-1.60137	-0.00775006	-0.00607758	-0.00046289	
-0.112046	-0.255812	0.744204	-1.60096	-0.00777797	-0.00610346	-0.000467404	
-0.111687	-0.255835	0.744386	-1.60056	-0.00781016	-0.00612	-0.000469363	
-0.11133	-0.255853	0.744564	-1.60016	-0.00784305	-0.00614199	-0.000470535	
-0.11097	-0.255872	0.744743	-1.59976	-0.00787642	-0.00616534	-0.000472179	
-0.110613	-0.255894	0.744926	-1.59935	-0.00790578	-0.0061825	-0.000475482	
-0.11025	-0.255914	0.745104	-1.59895	-0.00793235	-0.00621683	-0.000473886	
-0.109894	-0.255934	0.745286	-1.59855	-0.0079651	-0.0062325	-0.00047695	
-0.109538	-0.255953	0.745466	-1.59814	-0.00799926	-0.0062476	-0.000481161	
-0.109178	-0.255974	0.745648	-1.59774	-0.00802525	-0.00627423	-0.000480863	
-0.108817	-0.255992	0.745826	-1.59734	-0.00805969	-0.00629804	-0.000484016	
-0.108458	-0.256011	0.746007	-1.59694	-0.00808854	-0.00632354	-0.000485981	
-0.108099	-0.256034	0.746186	-1.59653	-0.00812272	-0.00633856	-0.000490097	
-0.107743	-0.256054	0.746367	-1.59613	-0.00814809	-0.0063647	-0.000488024	
-0.107384	-0.25607	0.746546	-1.59573	-0.0081818	-0.00638811	-0.000490847	
-0.107026	-0.256091	0.746729	-1.59532	-0.0082106	-0.00640723	-0.000494286	
-0.106664	-0.256114	0.746907	-1.59493	-0.00824165	-0.00643156	-0.0004932	
-0.106304	-0.256131	0.747087	-1.59452	-0.00827173	-0.00645743	-0.000496202	
-0.105946	-0.256151	0.747269	-1.59412	-0.00829696	-0.0064845	-0.000493881	
-0.105587	-0.256172	0.747448	-1.59372	-0.00833381	-0.0064993	-0.000500111	
-0.105231	-0.256191	0.74763	-1.59331	-0.00836409	-0.00651691	-0.000500083	
-0.104872	-0.25621	0.747808	-1.59291	-0.00839467	-0.00654111	-0.000505746	
-0.104511	-0.256228	0.747988	-1.59251	-0.00842534	-0.00656738	-0.000504564	
-0.104153	-0.256251	0.748171	-1.5921	-0.00845311	-0.00658627	-0.00050915	
-0.103796	-0.256265	0.748348	-1.5917	-0.0084876	-0.00660946	-0.000510805	
-0.103437	-0.256288	0.748529	-1.5913	-0.00851892	-0.00662671	-0.000513625	
-0.103075	-0.256311	0.74871	-1.5909	-0.0085514	-0.0066449	-0.000514344	
-0.102719	-0.256328	0.748892	-1.59049	-0.00857547	-0.00667271	-0.000512954	
-0.102359	-0.256346	0.749069	-1.59009	-0.0086096	-0.0066961	-0.000516307	
-0.102	-0.256368	0.749251	-1.58969	-0.00863886	-0.00671521	-0.0005212	
-0.101642	-0.256386	0.749434	-1.58928	-0.00866853	-0.00673488	-0.000522352	
-0.101285	-0.256403	0.749611	-1.58888	-0.00870012	-0.00675872	-0.000525953	
-0.100924	-0.256422	0.749789	-1.58848	-0.00873359	-0.006783	-0.000523588	
-0.100563	-0.256445	0.749971	-1.58808	-0.00876153	-0.00680342	-0.000525085	
-0.100206	-0.256466	0.750153	-1.58768	-0.00879187	-0.00682131	-0.000528242	
-0.0998508	-0.256481	0.750335	-1.58727	-0.00882195	-0.00684022	-0.000531505	
-0.0994888	-0.2565	0.750514	-1.58687	-0.0088528	-0.00686672	-0.000533414	
-0.0991287	-0.25652	0.750694	-1.58647	-0.00888724	-0.00688429	-0.00053505	
-0.0987689	-0.256539	0.750874	-1.58606	-0.00891419	-0.00691179	-0.000535872	
-0.0984109	-0.256558	0.751055	-1.58566	-0.00894406	-0.00693081	-0.000540247	
-0.0980514	-0.256576	0.751233	-1.58526	-0.00897462	-0.00695664	-0.000539143	
-0.0976953	-0.256596	0.751416	-1.58485	-0.0090096	-0.00696614	-0.000545617	
-0.0973343	-0.256616	0.751596	-1.58445	-0.00903537	-0.00699488	-0.000542596	
-0.0969757	-0.256635	0.751774	-1.58405	-0.00906459	-0.00701993	-0.000545943	
-0.0966167	-0.256655	0.751955	-1.58365	-0.00909476	-0.00703958	-0.000547384	
-0.0962577	-0.256674	0.752136	-1.58324	-0.00912714	-0.00705817	-0.000547355	
-0.095899	-0.256691	0.752317	-1.58284	-0.00915957	-0.00707705	-0.000554589	
-0.0955407	-0.256709	0.752497	-1.58243	-0.00918598	-0.00710491	-0.000552974	
-0.0951771	-0.256731	0.752675	-1.58204	-0.00922279	-0.00712243	-0.000558485	
-0.0948206	-0.256748	0.752855	-1.58163	-0.00925434	-0.00714074	-0.000558887	
-0.0944609	-0.256767	0.753037	-1.58123	-0.00927755	-0.00717086	-0.000555976	
-0.0940996	-0.256788	0.753215	-1.58083	-0.00931205	-0.0071887	-0.00056088	
-0.0937419	-0.256806	0.753398	-1.58043	-0.00933963	-0.00720971	-0.000562321	
-0.0933842	-0.256824	0.75358	-1.58002	-0.00936949	-0.00722963	-0.000562255	
-0.0930253	-0.256844	0.753759	-1.57962	-0.00940175	-0.00724777	-0.000566384	
-0.0926663	-0.256858	0.753937	-1.57921	-0.00943242	-0.00727475	-0.000567992	
-0.0923058	-0.256881	0.754119	-1.57881	-0.00946005	-0.00729573	-0.000569688	
-0.0919488	-0.256895	0.754298	-1.5784	-0.00949506	-0.00731359	-0.000575643	
-0.0915887	-0.256917	0.754478	-1.57801	-0.00952634	-0.00733287	-0.000575221	
-0.0912286	-0.256936	0.754658	-1.5776	-0.00955844	-0.00735196	-0.000579564	
-0.0908721	-0.256953	0.754841	-1.5772	-0.00958371	-0.00737417	-0.000580168	
-0.0905087	-0.256974	0.75502	-1.5768	-0.00961855	-0.00739349	-0.000581751	
-0.0901494	-0.256992	0.755198	-1.5764	-0.00964635	-0.00742113	-0.000584819	
-0.0897933	-0.257007	0.755379	-1.57599	-0.00967681	-0.00744098	-0.0005841	
-0.0894036	-0.257063	0.755554	-1.57566	-0.0097115	-0.00747172	-0.000565005	
-0.0890743	-0.257049	0.755742	-1.57519	-0.00973718	-0.00748368	-0.000588276	
-0.0887138	-0.257067	0.755921	-1.57479	-0.00976418	-0.0075124	-0.000586349	
-0.0883563	-0.257083	0.756103	-1.57438	-0.00980103	-0.00752376	-0.000590933	
-0.0879977	-0.2571	0.756283	-1.57397	-0.00983167	-0.00754377	-0.000597084	
-0.0876375	-0.257122	0.756465	-1.57358	-0.00985701	-0.00756678	-0.00059559	
-0.0872792	-0.257138	0.756644	-1.57317	-0.00989134	-0.00758506	-0.0005995	
-0.0869193	-0.257158	0.756825	-1.57277	-0.00991971	-0.00760676	-0.000599614	
-0.0865595	-0.257177	0.757006	-1.57237	-0.00994961	-0.0076278	-0.00060053	
-0.0861982	-0.257193	0.757183	-1.57197	-0.00997886	-0.00765652	-0.000602112	
-0.0858404	-0.257212	0.757365	-1.57156	-0.0100131	-0.00766841	-0.000607138	
-0.0854812	-0.257228	0.757544	-1.57116	-0.0100389	-0.00769793	-0.000606213	
-0.0851218	-0.257249	0.757728	-1.57076	-0.0100687	-0.00771256	-0.000608083	
-0.0847647	-0.257266	0.757908	-1.57035	-0.0100995	-0.0077325	-0.0006073	
-0.0844025	-0.257287	0.758086	-1.56995	-0.0101318	-0.00775254	-0.000611481	
-0.084042	-0.257303	0.758266	-1.56955	-0.0101641	-0.00777351	-0.000615563	
-0.0836836	-0.257321	0.758448	-1.56914	-0.0101904	-0.00779642	-0.000618502	
-0.0833251	-0.257338	0.758628	-1.56874	-0.01022	-0.00781775	-0.000615967	
-0.0829655	-0.257357	0.758807	-1.56834	-0.0102511	-0.00783772	-0.000621299	
-0.0826038	-0.257375	0.758987	-1.56794	-0.0102818	-0.00786016	-0.000622012	
-0.0822477	-0.257391	0.759169	-1.56753	-0.0103079	-0.00788249	-0.000623603	
-0.0818848	-0.257411	0.759346	-1.56713	-0.0103433	-0.00790198	-0.000626724	
-0.0815271	-0.257429	0.759529	-1.56673	-0.0103735	-0.00791666	-0.000627764	
-0.0811662	-0.257444	0.759708	-1.56633	-0.0104017	-0.00794684	-0.000626937	
-0.0808091	-0.257465	0.759891	-1.56592	-0.0104296	-0.00796105	-0.000629755	
-0.0804502	-0.257479	0.76007	-1.56552	-0.0104622	-0.00798204	-0.000632838	
-0.0800881	-0.2575	0.76025	-1.56512	-0.0104907	-0.00800479	-0.000632453	
-0.0797299	-0.257518	0.760429	-1.56471	-0.0105207	-0.00802541	-0.000635659	
-0.0793713	-0.257535	0.760612	-1.56431	-0.0105518	-0.00804056	-0.000638238	
-0.079008	-0.257552	0.760788	-1.56391	-0.0105828	-0.00806959	-0.000639849	
-0.0786516	-0.257569	0.760973	-1.5635	-0.0106097	-0.00808596	-0.000641532	
-0.0782904	-0.257586	0.76115	-1.5631	-0.010645	-0.0081058	-0.000647006	
-0.077931	-0.257603	0.761329	-1.5627	-0.0106755	-0.008127	-0.000648533	
-0.0775716	-0.257621	0.761512	-1.5623	-0.0106981	-0.00815338	-0.000644131	
-0.0772106	-0.25764	0.761693	-1.5619	-0.0107322	-0.00816722	-0.000647704	
-0.0768538	-0.257657	0.761873	-1.56149	-0.0107593	-0.00818935	-0.000649926	
-0.0764914	-0.257674	0.76205	-1.56109	-0.0107944	-0.00821008	-0.00065396	
-0.0761328	-0.257693	0.762232	-1.56069	-0.0108259	-0.00822438	-0.000656706	
-0.0757745	-0.257711	0.762413	-1.56028	-0.0108507	-0.00824834	-0.000654748	
-0.0754109	-0.257729	0.762592	-1.55988	-0.0108823	-0.00827148	-0.000657322	
-0.0750546	-0.257747	0.762774	-1.55948	-0.0109114	-0.00828618	-0.000658665	
-0.0746914	-0.257764	0.762952	-1.55908	-0.0109452	-0.00830843	-0.000664455	
-0.0743338	-0.257779	0.763131	-1.55867	-0.0109753	-0.00833004	-0.000666562	
-0.0739745	-0.257797	0.763313	-1.55827	-0.0109999	-0.00835489	-0.000663402	
-0.0736152	-0.257814	0.763493	-1.55786	-0.0110334	-0.00836921	-0.000668232	
-0.0732526	-0.257833	0.763675	-1.55747	-0.0110593	-0.00839512	-0.000667621	
-0.0728936	-0.257848	0.763854	-1.55706	-0.011096	-0.00840795	-0.000672968	
-0.0725351	-0.257863	0.764033	-1.55666	-0.0111249	-0.00843099	-0.000676028	
-0.0721764	-0.257883	0.764218	-1.55625	-0.0111506	-0.00844894	-0.000674217	
-0.0718146	-0.257898	0.764397	-1.55585	-0.0111818	-0.0084725	-0.000677565	
-0.0714548	-0.25792	0.764578	-1.55545	-0.0112112	-0.00848791	-0.000679306	
-0.071095	-0.257935	0.764758	-1.55505	-0.0112396	-0.008512	-0.000678361	
-0.0707354	-0.25795	0.764937	-1.55464	-0.0112685	-0.00853589	-0.000679865	
-0.0703763	-0.257969	0.765117	-1.55424	-0.0113016	-0.00854969	-0.000685242	
-0.0700133	-0.257984	0.765296	-1.55384	-0.0113328	-0.00857407	-0.000687027	
-0.0696594	-0.258001	0.765481	-1.55343	-0.0113625	-0.00858217	-0.000689455	
-0.0692972	-0.25802	0.765659	-1.55303	-0.0113914	-0.00860605	-0.000689906	
-0.0689383	-0.258036	0.765842	-1.55263	-0.0114212	-0.008623	-0.000692408	
-0.0685767	-0.258054	0.766019	-1.55223	-0.0114525	-0.00864514	-0.00069587	
-0.0682184	-0.258069	0.766201	-1.55182	-0.0114777	-0.00867007	-0.000693285	
-0.0678585	-0.258086	0.766379	-1.55142	-0.0115127	-0.00868461	-0.000699845	
-0.0674962	-0.258106	0.76656	-1.55102	-0.0115416	-0.0087057	-0.000701018	
-0.0671386	-0.258118	0.766739	-1.55061	-0.0115708	-0.00872811	-0.000701561	
-0.0667772	-0.258137	0.766919	-1.55021	-0.0116023	-0.00874579	-0.000705717	
-0.0664172	-0.258156	0.7671	-1.54981	-0.0116291	-0.00876713	-0.00070415	
-0.0660565	-0.258168	0.767279	-1.54941	-0.011661	-0.00878987	-0.000707663	
-0.0656974	-0.258186	0.76746	-1.549	-0.0116904	-0.00880782	-0.000709424	
-0.0653343	-0.258204	0.76764	-1.5486	-0.0117198	-0.00882948	-0.000710766	
-0.0649761	-0.258221	0.76782	-1.5482	-0.011752	-0.00884398	-0.000715061	
-0.064617	-0.258237	0.768004	-1.54779	-0.0117765	-0.00886657	-0.000712845	
-0.0642579	-0.258251	0.768181	-1.54739	-0.0118103	-0.00888542	-0.000717725	
-0.0638983	-0.258269	0.768363	-1.54699	-0.0118391	-0.00890301	-0.000719289	
-0.0635094	-0.258326	0.76854	-1.54666	-0.0118732	-0.00892643	-0.000698876	
-0.063175	-0.258304	0.768724	-1.54619	-0.0118999	-0.00894824	-0.00072263	
-0.0628174	-0.258321	0.768905	-1.54578	-0.0119264	-0.00896689	-0.000721447	
-0.0624577	-0.258335	0.769083	-1.54538	-0.0119594	-0.00898621	-0.000726026	
-0.0620972	-0.258353	0.769266	-1.54497	-0.0119875	-0.00900426	-0.00072715	
-0.0617365	-0.25837	0.769447	-1.54457	-0.0120165	-0.00902404	-0.00072834	
-0.0613752	-0.258385	0.769626	-1.54417	-0.0120463	-0.00904642	-0.00072998	
-0.061015	-0.258401	0.769806	-1.54377	-0.0120776	-0.00906445	-0.000733974	
-0.0606548	-0.25842	0.769985	-1.54337	-0.0121058	-0.00908458	-0.000733506	
-0.0602956	-0.258435	0.770165	-1.54296	-0.0121397	-0.00909919	-0.00074032	
-0.0599375	-0.258449	0.770345	-1.54255	-0.0121687	-0.00911826	-0.000741333	
-0.0595754	-0.258465	0.770525	-1.54215	-0.0121976	-0.00914192	-0.000742277	
-0.0592147	-0.258486	0.770707	-1.54175	-0.0122241	-0.0091607	-0.000740538	
-0.0588551	-0.258501	0.770889	-1.54135	-0.0122562	-0.00917401	-0.000746524	
-0.0584947	-0.258515	0.771069	-1.54095	-0.0122824	-0.00920036	-0.000744298	
-0.0581343	-0.258534	0.771248	-1.54054	-0.0123122	-0.00921911	-0.000745286	
-0.0577765	-0.258548	0.77143	-1.54014	-0.0123417	-0.00923512	-0.000748052	
-0.0574133	-0.258567	0.771609	-1.53974	-0.0123729	-0.0092533	-0.000751655	
-0.0570545	-0.258579	0.771788	-1.53933	-0.012404	-0.00927443	-0.000754473	
-0.0566935	-0.258599	0.771969	-1.53893	-0.0124318	-0.00929269	-0.000754331	
-0.0563317	-0.258611	0.772148	-1.53853	-0.0124641	-0.0093141	-0.000759757	
-0.0559716	-0.258629	0.772328	-1.53813	-0.0124943	-0.00932977	-0.000762295	
-0.0556139	-0.258644	0.772511	-1.53772	-0.012518	-0.00935227	-0.000757789	
-0.0552542	-0.258661	0.772691	-1.53732	-0.0125502	-0.00936703	-0.000762945	
-0.0548905	-0.258678	0.77287	-1.53692	-0.0125824	-0.00938551	-0.000767652	
-0.0545029	-0.258732	0.773048	-1.53659	-0.0126133	-0.0094127	-0.000743413	
-0.0541725	-0.258709	0.773232	-1.53611	-0.0126393	-0.0094294	-0.000767383	
-0.0538107	-0.258725	0.773411	-1.53571	-0.012669	-0.00945052	-0.000768517	
-0.0534513	-0.258738	0.773593	-1.5353	-0.0126982	-0.00946975	-0.000771364	
-0.0530918	-0.258755	0.773774	-1.5349	-0.0127309	-0.0094814	-0.000777366	
-0.0527314	-0.25877	0.773952	-1.5345	-0.0127577	-0.00950684	-0.000774797	
-0.0523706	-0.258789	0.774136	-1.5341	-0.0127861	-0.00952056	-0.000776614	
-0.052011	-0.258803	0.774314	-1.53369	-0.0128152	-0.00954345	-0.000777009	
-0.0516489	-0.258819	0.774493	-1.53329	-0.0128449	-0.00956396	-0.000778746	
-0.0512882	-0.258835	0.774674	-1.53289	-0.0128759	-0.00957936	-0.000783482	
-0.0509267	-0.25885	0.774853	-1.53249	-0.0129076	-0.00959814	-0.000787795	
-0.0505385	-0.258909	0.775032	-1.53216	-0.01294	-0.00961798	-0.000764722	
-0.0502099	-0.258883	0.775217	-1.53168	-0.0129652	-0.00963437	-0.000788819	
-0.0498465	-0.258898	0.775397	-1.53128	-0.0129934	-0.00965861	-0.000789133	
-0.049488	-0.258912	0.775577	-1.53087	-0.0130239	-0.0096757	-0.000792094	
-0.049127	-0.258928	0.775758	-1.53047	-0.0130548	-0.0096905	-0.000797158	
-0.0487655	-0.258948	0.775938	-1.53007	-0.0130827	-0.00970888	-0.000796167	
-0.0484032	-0.25896	0.776116	-1.52967	-0.0131147	-0.00973049	-0.000801529	
-0.0480438	-0.258975	0.776297	-1.52926	-0.013143	-0.0097487	-0.000802128	
-0.0476837	-0.258988	0.776477	-1.52886	-0.0131719	-0.00977032	-0.000803053	
-0.0473235	-0.259005	0.776655	-1.52846	-0.0132036	-0.0097861	-0.000807411	
-0.0469638	-0.259022	0.77684	-1.52805	-0.0132292	-0.00980202	-0.000805565	
-0.0466	-0.259035	0.777017	-1.52765	-0.0132596	-0.00982814	-0.000808449	
-0.0462431	-0.259052	0.777198	-1.52725	-0.0132894	-0.00983963	-0.000810768	
-0.0458834	-0.259066	0.77738	-1.52684	-0.0133174	-0.00985808	-0.000811656	
-0.0455215	-0.259082	0.777558	-1.52644	-0.0133475	-0.00987835	-0.000813369	
-0.0451588	-0.259097	0.77774	-1.52604	-0.0133765	-0.00989707	-0.000816264	
-0.044799	-0.259114	0.777919	-1.52564	-0.0134033	-0.0099182	-0.000813684	
-0.0444403	-0.259125	0.778099	-1.52523	-0.0134349	-0.00993484	-0.000819029	
-0.0440776	-0.259142	0.778278	-1.52483	-0.0134628	-0.00995624	-0.000818419	
-0.0437175	-0.259156	0.778461	-1.52443	-0.0134903	-0.00997489	-0.000818991	
-0.0433569	-0.259173	0.778642	-1.52402	-0.0135205	-0.00998853	-0.000822531	
-0.0429649	-0.259229	0.778816	-1.52369	-0.0135552	-0.0100161	-0.000801711	
-0.0426353	-0.259205	0.779	-1.52322	-0.0135844	-0.0100255	-0.000830281	
-0.0422777	-0.259217	0.779183	-1.52281	-0.0136102	-0.0100449	-0.000828759	
-0.0419129	-0.259232	0.77936	-1.52241	-0.0136426	-0.0100657	-0.000834507	
-0.0415509	-0.259249	0.779541	-1.52201	-0.0136711	-0.0100838	-0.000835453	
-0.0411918	-0.259262	0.779719	-1.52161	-0.0137011	-0.0101034	-0.000837113	
-0.0408318	-0.259279	0.779901	-1.5212	-0.0137263	-0.0101224	-0.000833476	
-0.0404728	-0.259291	0.780083	-1.5208	-0.013756	-0.0101378	-0.000837894	
-0.0401118	-0.259305	0.780262	-1.52039	-0.013788	-0.0101542	-0.000843534	
-0.0397479	-0.259321	0.780442	-1.51999	-0.0138144	-0.0101785	-0.000841678	
-0.039389	-0.259335	0.780623	-1.51959	-0.0138432	-0.0101958	-0.000842674	
-0.0390275	-0.259351	0.780804	-1.51919	-0.013872	-0.0102116	-0.000844874	
-0.0386655	-0.259366	0.780984	-1.51879	-0.0139015	-0.0102299	-0.000847771	
-0.0382767	-0.259426	0.78116	-1.51846	-0.0139393	-0.010245	-0.000829623	
-0.0379477	-0.259398	0.781345	-1.51798	-0.0139622	-0.0102624	-0.000851445	
-0.0375819	-0.259412	0.781523	-1.51758	-0.0139929	-0.0102861	-0.000855741	
-0.0372223	-0.259425	0.781704	-1.51717	-0.0140207	-0.0103053	-0.000855774	
-0.0368638	-0.259439	0.781885	-1.51677	-0.0140495	-0.010321	-0.000857789	
-0.0365012	-0.259453	0.782065	-1.51637	-0.0140782	-0.0103413	-0.0008593	
-0.0361382	-0.259471	0.782244	-1.51597	-0.0141093	-0.0103566	-0.000863708	
-0.0357776	-0.259485	0.782426	-1.51556	-0.0141348	-0.0103777	-0.000860338	
-0.0354202	-0.259496	0.782605	-1.51516	-0.0141668	-0.0103917	-0.000866909	
-0.0350548	-0.259514	0.782784	-1.51476	-0.0141943	-0.010414	-0.000865874	
-0.0346958	-0.259527	0.782966	-1.51435	-0.0142223	-0.0104309	-0.000866719	
-0.0343367	-0.259544	0.783146	-1.51395	-0.0142529	-0.0104419	-0.000870832	
-0.0339726	-0.259556	0.783325	-1.51355	-0.014281	-0.0104683	-0.000871023	
-0.0336102	-0.259573	0.783505	-1.51315	-0.0143122	-0.0104814	-0.000876592	
-0.0332537	-0.259584	0.783687	-1.51274	-0.0143385	-0.010499	-0.000874632	
-0.0328898	-0.259599	0.783863	-1.51234	-0.0143706	-0.0105196	-0.000879945	
-0.0325302	-0.259611	0.784045	-1.51193	-0.0143977	-0.0105384	-0.000879426	
-0.0321667	-0.259629	0.784226	-1.51153	-0.0144262	-0.0105542	-0.000881754	
-0.0317761	-0.259687	0.784402	-1.51121	-0.0144609	-0.0105753	-0.000860004	
-0.0314455	-0.259658	0.784589	-1.51073	-0.0144862	-0.010589	-0.000887297	
-0.0310868	-0.259672	0.784768	-1.51032	-0.0145129	-0.0106078	-0.000884697	
-0.0307242	-0.259687	0.784948	-1.50992	-0.0145444	-0.0106228	-0.000890652	
-0.0303639	-0.259699	0.785129	-1.50952	-0.0145703	-0.0106444	-0.000888567	
-0.0300033	-0.259714	0.78531	-1.50911	-0.0145986	-0.0106602	-0.000889706	
-0.029642	-0.259728	0.785489	-1.50871	-0.0146274	-0.0106802	-0.000890297	
-0.0292818	-0.259742	0.785668	-1.50831	-0.0146571	-0.010696	-0.00089321	
-0.0289175	-0.259756	0.785847	-1.50791	-0.0146865	-0.0107172	-0.000896017	
-0.0285543	-0.259771	0.786027	-1.50751	-0.0147169	-0.0107342	-0.000900362	
-0.0281973	-0.259785	0.786208	-1.5071	-0.0147443	-0.0107474	-0.000899872	
-0.0278345	-0.259798	0.786387	-1.5067	-0.014776	-0.0107644	-0.000906386	
-0.0274726	-0.259811	0.786566	-1.50629	-0.0148036	-0.0107864	-0.000905642	
-0.0271136	-0.259826	0.786748	-1.50589	-0.0148324	-0.0107975	-0.000908829	
-0.0267485	-0.25984	0.786927	-1.50549	-0.0148604	-0.0108215	-0.000909471	
-0.0263883	-0.259851	0.787106	-1.50509	-0.0148903	-0.0108394	-0.000912778	
-0.026027	-0.259867	0.787289	-1.50468	-0.0149158	-0.0108565	-0.000909633	
-0.0256672	-0.259877	0.787467	-1.50428	-0.0149468	-0.0108744	-0.000915076	
-0.025305	-0.259895	0.787647	-1.50388	-0.0149751	-0.0108901	-0.00091495	
-0.0249454	-0.259909	0.787829	-1.50347	-0.0150027	-0.0109032	-0.000916187	
-0.0245851	-0.259922	0.78801	-1.50307	-0.0150307	-0.0109205	-0.000917261	
-0.0242205	-0.259935	0.78819	-1.50267	-0.0150583	-0.0109432	-0.000917842	
-0.0238593	-0.25995	0.788368	-1.50227	-0.0150892	-0.0109582	-0.000921956	
-0.0234953	-0.259962	0.788548	-1.50186	-0.0151182	-0.0109801	-0.000924678	
-0.0231379	-0.259979	0.788729	-1.50146	-0.0151463	-0.0109891	-0.000924817	
-0.0227744	-0.259989	0.788907	-1.50106	-0.0151764	-0.0110111	-0.000929655	
-0.0224121	-0.260005	0.789087	-1.50065	-0.0152047	-0.0110289	-0.000929543	
-0.0220522	-0.260017	0.789268	-1.50025	-0.015232	-0.0110449	-0.000930362	
-0.0216904	-0.260032	0.789447	-1.49985	-0.0152615	-0.0110628	-0.000932333	
-0.0213276	-0.260045	0.789629	-1.49945	-0.0152893	-0.0110801	-0.000934518	
-0.0209358	-0.260102	0.789804	-1.49912	-0.0153245	-0.0111021	-0.000914101	
-0.0206063	-0.260071	0.78999	-1.49864	-0.015346	-0.0111179	-0.000935157	
-0.0202438	-0.260087	0.790171	-1.49824	-0.0153773	-0.0111296	-0.000942577	
-0.0198857	-0.2601	0.79035	-1.49783	-0.0154058	-0.0111441	-0.000942362	
-0.0195245	-0.26011	0.79053	-1.49743	-0.0154322	-0.0111665	-0.000940737	
-0.0191583	-0.260125	0.790709	-1.49703	-0.0154642	-0.0111837	-0.000949784	
-0.0187983	-0.260139	0.790889	-1.49662	-0.0154937	-0.0111962	-0.000953138	
-0.018439	-0.260153	0.79107	-1.49622	-0.0155195	-0.0112135	-0.00094845	
-0.0180739	-0.260166	0.791248	-1.49582	-0.015549	-0.0112357	-0.00095116	
-0.0177135	-0.260178	0.791431	-1.49542	-0.0155779	-0.0112477	-0.000957163	
-0.0173504	-0.260191	0.79161	-1.49501	-0.0156044	-0.0112707	-0.000954036	
-0.0169885	-0.260204	0.791789	-1.49461	-0.0156315	-0.0112903	-0.000953101	
-0.0165956	-0.260262	0.791965	-1.49429	-0.0156685	-0.0113083	-0.000935985	
-0.016268	-0.260231	0.792151	-1.4938	-0.0156935	-0.0113167	-0.000964319	
-0.0159061	-0.260242	0.792328	-1.4934	-0.0157224	-0.011339	-0.000964893	
-0.0155449	-0.260258	0.792512	-1.493	-0.015747	-0.0113539	-0.000961303	
-0.0151804	-0.260274	0.79269	-1.4926	-0.0157778	-0.0113693	-0.00096646	
-0.0148202	-0.260284	0.792867	-1.49219	-0.0158084	-0.0113877	-0.000970882	
-0.014459	-0.260297	0.793048	-1.49179	-0.0158347	-0.0114053	-0.000968767	
-0.014099	-0.26031	0.79323	-1.49138	-0.0158616	-0.0114196	-0.000968813	
-0.0137334	-0.260323	0.793409	-1.49098	-0.0158921	-0.011438	-0.000976453	
-0.0133726	-0.260338	0.793589	-1.49058	-0.0159217	-0.0114502	-0.000979047	
-0.0130125	-0.260349	0.793768	-1.49018	-0.0159502	-0.0114673	-0.000980578	
-0.0126496	-0.260361	0.793949	-1.48977	-0.0159744	-0.0114912	-0.000973962	
-0.012287	-0.260378	0.794129	-1.48937	-0.0160047	-0.0115014	-0.000980035	
-0.0119232	-0.260388	0.794307	-1.48897	-0.0160338	-0.0115241	-0.000983133	
-0.011564	-0.260401	0.79449	-1.48857	-0.0160597	-0.0115366	-0.000982201	
-0.0111995	-0.260413	0.794666	-1.48816	-0.0160914	-0.0115571	-0.000988242	
-0.0108408	-0.260425	0.794848	-1.48776	-0.0161183	-0.0115697	-0.000988904	
-0.0104766	-0.260441	0.795029	-1.48736	-0.0161465	-0.0115854	-0.000990037	
-0.0101166	-0.26045	0.795208	-1.48695	-0.0161743	-0.011605	-0.000990788	
-0.00975291	-0.260464	0.795387	-1.48655	-0.0162034	-0.0116209	-0.000993915	
-0.00939053	-0.26048	0.795567	-1.48615	-0.0162331	-0.0116327	-0.000998801	
-0.00903015	-0.260491	0.79575	-1.48575	-0.0162579	-0.0116508	-0.000994419	
-0.0086664	-0.260503	0.795926	-1.48534	-0.0162883	-0.0116704	-0.000999393	
-0.00830534	-0.260517	0.796106	-1.48494	-0.0163157	-0.0116863	-0.000997906	
-0.00794554	-0.260526	0.796287	-1.48453	-0.0163457	-0.0116992	-0.00100547	
-0.00758146	-0.26054	0.796467	-1.48413	-0.016373	-0.0117174	-0.00100567	
-0.00722032	-0.260551	0.796644	-1.48373	-0.0164016	-0.0117371	-0.00100601	
-0.00685881	-0.260566	0.796826	-1.48333	-0.0164301	-0.0117471	-0.00100968	
-0.00649475	-0.260578	0.797004	-1.48292	-0.0164589	-0.0117681	-0.00101132	
-0.00613336	-0.260586	0.797184	-1.48252	-0.0164867	-0.0117866	-0.00101379	
-0.00577302	-0.2606	0.797365	-1.48211	-0.0165126	-0.0118017	-0.00101098	
-0.0054074	-0.260613	0.797544	-1.48171	-0.0165421	-0.01182	-0.00101607	
-0.00504772	-0.260625	0.797725	-1.48131	-0.016569	-0.0118345	-0.00101481	
-0.0046839	-0.260638	0.797905	-1.48091	-0.0165955	-0.0118544	-0.00101353	
-0.00432386	-0.260648	0.798083	-1.4805	-0.0166272	-0.0118661	-0.0010226	
-0.00396071	-0.26066	0.798263	-1.4801	-0.0166546	-0.0118854	-0.00102289	
-0.00359748	-0.260676	0.798441	-1.4797	-0.0166841	-0.0118992	-0.0010258	
-0.00323692	-0.260688	0.798623	-1.4793	-0.0167126	-0.0119104	-0.00102951	
-0.00287152	-0.2607	0.798802	-1.4789	-0.0167368	-0.0119359	-0.00102297	
-0.00251184	-0.260712	0.798983	-1.47849	-0.0167663	-0.0119457	-0.00102864	
-0.0021479	-0.260724	0.799163	-1.47809	-0.0167951	-0.0119619	-0.0010343	
-0.00178665	-0.260737	0.799341	-1.47768	-0.0168232	-0.0119792	-0.00103217	
-0.00142458	-0.260749	0.799522	-1.47728	-0.0168493	-0.0119961	-0.00103096	
-0.0010607	-0.260758	0.7997	-1.47688	-0.0168795	-0.0120151	-0.00103805	
-0.000697942	-0.260773	0.799879	-1.47648	-0.016908	-0.0120298	-0.0010393	
-0.000337864	-0.260784	0.800061	-1.47607	-0.0169354	-0.0120421	-0.00104132	
2.41441e-05	-0.260797	0.800239	-1.47567	-0.0169647	-0.0120563	-0.00104451	
0.000388808	-0.260808	0.800419	-1.47527	-0.0169923	-0.0120767	-0.00104641	
0.000748953	-0.260821	0.800598	-1.47486	-0.0170189	-0.0120916	-0.00104264	
0.00111107	-0.260832	0.80078	-1.47446	-0.0170471	-0.0121048	-0.00104828	
0.00147393	-0.260847	0.80096	-1.47406	-0.0170739	-0.0121204	-0.0010458	
0.00183729	-0.260855	0.801138	-1.47365	-0.0171028	-0.0121405	-0.00105117	
0.00219939	-0.260868	0.801318	-1.47325	-0.0171304	-0.0121556	-0.00105061	
0.00256025	-0.260882	0.801498	-1.47285	-0.0171582	-0.0121675	-0.00105209	
0.00292383	-0.260892	0.80168	-1.47245	-0.0171841	-0.0121855	-0.0010519	
0.00328579	-0.260903	0.801857	-1.47204	-0.0172129	-0.0122035	-0.00105311	
0.00364996	-0.260916	0.802037	-1.47164	-0.0172411	-0.0122195	-0.00105575	
0.00401266	-0.26093	0.802217	-1.47124	-0.0172699	-0.0122307	-0.00106007	
0.00437469	-0.260939	0.802398	-1.47083	-0.0172973	-0.0122477	-0.00106372	
0.00473878	-0.26095	0.802575	-1.47043	-0.0173266	-0.0122667	-0.00106775	
0.00510017	-0.260962	0.802755	-1.47003	-0.0173531	-0.0122821	-0.00106524	
0.00546024	-0.260975	0.802937	-1.46962	-0.0173799	-0.0122935	-0.00106437	
0.00582553	-0.260987	0.803116	-1.46922	-0.0174095	-0.0123092	-0.00107215	
0.00618683	-0.260997	0.803294	-1.46882	-0.0174371	-0.0123276	-0.001071	
0.00655013	-0.261009	0.803474	-1.46842	-0.0174642	-0.0123431	-0.00107168	
0.00691418	-0.26102	0.803653	-1.46801	-0.0174916	-0.0123631	-0.00107221	
0.00727675	-0.261031	0.803833	-1.46761	-0.0175194	-0.0123782	-0.00107438	
0.00763791	-0.261043	0.804014	-1.46721	-0.0175474	-0.0123893	-0.00107859	
0.00799961	-0.261053	0.804193	-1.4668	-0.0175761	-0.0124031	-0.00108228	
0.00836209	-0.261067	0.804371	-1.4664	-0.0176034	-0.0124201	-0.00107845	
0.00872652	-0.261079	0.804551	-1.466	-0.0176317	-0.0124355	-0.00108382	
0.00908685	-0.261087	0.80473	-1.46559	-0.017658	-0.0124535	-0.00108097	
0.00945054	-0.261098	0.804909	-1.46519	-0.017687	-0.0124684	-0.00108783	
0.00981488	-0.261112	0.805088	-1.46479	-0.0177148	-0.0124857	-0.00108718	
0.0101765	-0.261122	0.805268	-1.46439	-0.0177413	-0.0125005	-0.00108722	
0.0105386	-0.261132	0.805448	-1.46398	-0.0177683	-0.0125179	-0.00108714	
0.0109053	-0.261146	0.805626	-1.46358	-0.0177994	-0.0125308	-0.00109814	
0.0112636	-0.261157	0.80581	-1.46318	-0.0178237	-0.0125416	-0.00109291	
0.0116303	-0.261169	0.805986	-1.46278	-0.0178522	-0.0125627	-0.0010953	
0.0119907	-0.261177	0.806165	-1.46237	-0.0178805	-0.0125784	-0.00109859	
0.0123546	-0.26119	0.806344	-1.46197	-0.0179096	-0.0125908	-0.00110421	
0.0127166	-0.2612	0.806525	-1.46156	-0.0179347	-0.0126085	-0.0011	
0.0130795	-0.261212	0.806704	-1.46116	-0.0179644	-0.0126196	-0.0011075	
0.0134405	-0.261221	0.806885	-1.46076	-0.0179901	-0.012636	-0.00110516	
0.013807	-0.261234	0.807063	-1.46036	-0.0180169	-0.0126565	-0.00110302	
0.0141676	-0.261246	0.807243	-1.45995	-0.0180474	-0.0126625	-0.00111399	
0.0145332	-0.261258	0.807422	-1.45955	-0.0180747	-0.0126817	-0.00111373	
0.0148924	-0.261265	0.807602	-1.45914	-0.0181016	-0.0126965	-0.00111472	
0.015257	-0.261277	0.80778	-1.45874	-0.0181296	-0.0127145	-0.00111593	
0.0156202	-0.261288	0.807959	-1.45834	-0.0181576	-0.0127286	-0.00111912	
0.0159819	-0.2613	0.808139	-1.45794	-0.018186	-0.012738	-0.0011239	
0.0163485	-0.261312	0.808318	-1.45754	-0.018211	-0.0127614	-0.00111821	
0.0167094	-0.261324	0.808498	-1.45713	-0.0182398	-0.0127705	-0.00112443	
0.0170701	-0.261329	0.808678	-1.45673	-0.018265	-0.0127913	-0.00111947	
0.0174334	-0.261342	0.808859	-1.45632	-0.0182936	-0.0128003	-0.00112739	
0.0177982	-0.261352	0.809037	-1.45592	-0.0183198	-0.0128213	-0.00112461	
0.0181639	-0.261366	0.809214	-1.45552	-0.0183508	-0.012835	-0.00113324	
0.0185257	-0.261377	0.809395	-1.45512	-0.0183772	-0.0128475	-0.00113399	
0.018888	-0.261387	0.809574	-1.45472	-0.0184043	-0.0128626	-0.00113424	
0.0192488	-0.261398	0.809755	-1.45431	-0.0184315	-0.012873	-0.00113644	
0.0196156	-0.261407	0.809932	-1.45391	-0.0184584	-0.0128963	-0.0011367	
0.0199754	-0.261417	0.810113	-1.4535	-0.0184862	-0.0129056	-0.00114035	
0.0203405	-0.261431	0.810292	-1.4531	-0.0185151	-0.012918	-0.00114465	
0.0207038	-0.261441	0.810472	-1.4527	-0.0185398	-0.0129366	-0.00113935	
0.0210667	-0.261451	0.810652	-1.4523	-0.0185674	-0.0129503	-0.00114456	
0.0214289	-0.26146	0.810832	-1.45189	-0.0185928	-0.0129668	-0.00114071	
0.021794	-0.261471	0.811008	-1.45149	-0.0186229	-0.0129844	-0.00114665	
0.0221552	-0.26148	0.811188	-1.45109	-0.0186488	-0.0129998	-0.00114422	
0.0225209	-0.261494	0.811367	-1.45069	-0.0186781	-0.0130108	-0.00115309	
0.022881	-0.261501	0.811547	-1.45028	-0.0187047	-0.0130242	-0.0011525	
0.0232465	-0.261514	0.811725	-1.44988	-0.018732	-0.0130417	-0.00115257	
0.0236094	-0.261523	0.811906	-1.44948	-0.018758	-0.0130569	-0.00115284	
0.0239737	-0.261534	0.812084	-1.44907	-0.018786	-0.0130725	-0.00115475	
0.0243353	-0.261543	0.812265	-1.44867	-0.0188124	-0.0130857	-0.00115686	
0.0246988	-0.261554	0.812443	-1.44827	-0.0188409	-0.0131001	-0.00115979	
0.0250641	-0.261567	0.812623	-1.44787	-0.0188685	-0.0131119	-0.0011645	
0.0254251	-0.261574	0.812802	-1.44746	-0.0188958	-0.0131267	-0.00116834	
0.0257904	-0.261585	0.812981	-1.44706	-0.0189215	-0.0131449	-0.00116381	
0.0261516	-0.261595	0.813159	-1.44665	-0.0189508	-0.0131563	-0.00116999	
0.0265159	-0.261606	0.813338	-1.44625	-0.018977	-0.0131734	-0.00116687	
0.0268782	-0.261613	0.813518	-1.44585	-0.0190045	-0.0131864	-0.00117342	
0.0272413	-0.261624	0.813697	-1.44544	-0.0190311	-0.0132016	-0.00117212	
0.0276064	-0.261636	0.813878	-1.44504	-0.0190568	-0.013215	-0.00117217	
0.0279684	-0.261646	0.814057	-1.44464	-0.019084	-0.0132283	-0.00117188	
0.0283665	-0.261704	0.814233	-1.44432	-0.0191185	-0.0132505	-0.00115292	
0.0286953	-0.261666	0.814415	-1.44383	-0.019142	-0.0132593	-0.00118287	
0.0290602	-0.261676	0.814593	-1.44343	-0.019169	-0.0132763	-0.00118416	
0.0294232	-0.261686	0.814774	-1.44303	-0.0191962	-0.0132878	-0.00118737	
0.029786	-0.261697	0.814954	-1.44262	-0.019221	-0.0133038	-0.00118094	
0.0301481	-0.261706	0.815134	-1.44222	-0.0192485	-0.0133143	-0.00118553	
0.030512	-0.261719	0.815311	-1.44182	-0.0192778	-0.013326	-0.00119095	
0.0308777	-0.261729	0.815491	-1.44142	-0.0193024	-0.0133458	-0.0011861	
0.031239	-0.261737	0.81567	-1.44101	-0.0193307	-0.013357	-0.001192	
0.0316033	-0.261747	0.81585	-1.44061	-0.0193558	-0.0133741	-0.00118895	
0.0319671	-0.261756	0.81603	-1.44021	-0.0193836	-0.0133855	-0.00119614	
0.0323315	-0.261769	0.816208	-1.4398	-0.0194107	-0.0133992	-0.00119541	
0.032696	-0.261776	0.816386	-1.4394	-0.0194392	-0.0134161	-0.00120284	
0.033058	-0.261784	0.816566	-1.439	-0.0194652	-0.0134294	-0.00120257	
0.0334218	-0.261795	0.816743	-1.43859	-0.019493	-0.013444	-0.00120314	
0.0337861	-0.261805	0.816925	-1.43819	-0.0195184	-0.0134575	-0.00120414	
0.0341487	-0.261816	0.817102	-1.43779	-0.0195465	-0.0134702	-0.00120649	
0.0345137	-0.261823	0.817281	-1.43738	-0.019573	-0.0134883	-0.00120735	
0.0348786	-0.261835	0.81746	-1.43698	-0.0196005	-0.0135012	-0.00121098	
0.0352424	-0.261842	0.817639	-1.43658	-0.0196272	-0.0135174	-0.00121362	
0.0356051	-0.261854	0.817819	-1.43618	-0.0196526	-0.0135295	-0.0012094	
0.0359691	-0.261864	0.817997	-1.43577	-0.0196811	-0.0135424	-0.00121434	
0.0363322	-0.26187	0.818174	-1.43537	-0.0197084	-0.0135596	-0.00121829	
0.0366975	-0.261882	0.818355	-1.43497	-0.0197338	-0.0135738	-0.00121527	
0.0370587	-0.261892	0.818534	-1.43456	-0.0197624	-0.0135804	-0.00122343	
0.0374246	-0.261902	0.818712	-1.43416	-0.0197887	-0.0135991	-0.00122067	
0.0377878	-0.26191	0.818893	-1.43376	-0.0198135	-0.0136148	-0.00121802	
0.0381517	-0.26192	0.819072	-1.43335	-0.0198417	-0.0136245	-0.00122738	
0.0385168	-0.261929	0.819249	-1.43295	-0.0198688	-0.0136433	-0.00122593	
0.0388784	-0.261939	0.81943	-1.43255	-0.0198951	-0.0136512	-0.00122739	
0.0392458	-0.261949	0.819607	-1.43215	-0.0199213	-0.0136712	-0.00122759	
0.0396082	-0.261958	0.819786	-1.43174	-0.0199485	-0.0136837	-0.00122892	
0.0399723	-0.261969	0.819967	-1.43134	-0.0199745	-0.0136938	-0.00123199	
0.0403353	-0.261976	0.820143	-1.43094	-0.0200026	-0.013711	-0.00123319	
0.0406982	-0.261986	0.820324	-1.43053	-0.0200288	-0.0137193	-0.0012376	
0.0410634	-0.261994	0.820502	-1.43013	-0.0200562	-0.0137368	-0.00124047	
0.041426	-0.262003	0.820682	-1.42973	-0.0200812	-0.0137498	-0.00123547	
0.0417935	-0.262013	0.82086	-1.42933	-0.0201078	-0.0137676	-0.00123961	
0.0421571	-0.262024	0.821038	-1.42892	-0.0201366	-0.0137765	-0.00124618	
0.0425188	-0.262032	0.821217	-1.42852	-0.0201621	-0.0137906	-0.00124283	
0.0428853	-0.26204	0.821395	-1.42812	-0.0201895	-0.0138077	-0.00124829	
0.0432491	-0.262049	0.821576	-1.42771	-0.0202144	-0.0138212	-0.00124622	
0.0436146	-0.262061	0.821754	-1.42731	-0.0202412	-0.0138351	-0.00124502	
0.0439782	-0.262069	0.821934	-1.42691	-0.0202685	-0.013846	-0.00125321	
0.0443423	-0.262081	0.822112	-1.42651	-0.0202956	-0.0138574	-0.00125334	
0.0447055	-0.262087	0.822291	-1.4261	-0.0203213	-0.0138738	-0.00125288	
0.0450671	-0.262094	0.822471	-1.4257	-0.020347	-0.013885	-0.0012534	
0.0454337	-0.262106	0.822649	-1.4253	-0.0203739	-0.0138986	-0.00125475	
0.045796	-0.262111	0.822827	-1.42489	-0.0204004	-0.0139144	-0.00125516	
0.0461613	-0.262123	0.823006	-1.42449	-0.0204272	-0.0139264	-0.00125822	
0.0465269	-0.262133	0.823184	-1.42409	-0.0204545	-0.0139402	-0.00126124	
0.0468897	-0.262141	0.823365	-1.42368	-0.0204801	-0.0139511	-0.0012643	
0.0472559	-0.262149	0.82354	-1.42328	-0.0205082	-0.0139696	-0.00126722	
0.0476184	-0.26216	0.82372	-1.42288	-0.0205355	-0.0139757	-0.00127294	
0.0479846	-0.262166	0.8239	-1.42247	-0.0205594	-0.0139961	-0.00126682	
0.0483479	-0.262175	0.824077	-1.42207	-0.0205873	-0.0140077	-0.00127242	
0.048714	-0.262185	0.824256	-1.42167	-0.0206127	-0.0140241	-0.00126854	
0.0490757	-0.262193	0.824434	-1.42126	-0.0206409	-0.0140323	-0.00127587	
0.0494392	-0.2622	0.824615	-1.42086	-0.0206651	-0.0140477	-0.00127237	
0.0498051	-0.262208	0.824791	-1.42046	-0.020693	-0.0140635	-0.00127955	
0.0501684	-0.262217	0.824971	-1.42005	-0.0207189	-0.0140741	-0.00127829	
0.0505662	-0.262275	0.825149	-1.41974	-0.0207496	-0.0140942	-0.00124841	
0.0508973	-0.262237	0.825331	-1.41925	-0.0207733	-0.0140986	-0.00128729	
0.0512595	-0.262245	0.82551	-1.41884	-0.0207995	-0.0141094	-0.00128767	
0.0516254	-0.262254	0.825689	-1.41844	-0.0208253	-0.0141243	-0.00128797	
0.0519917	-0.262262	0.825866	-1.41804	-0.0208514	-0.0141419	-0.00128823	
0.0523576	-0.262274	0.826044	-1.41764	-0.0208787	-0.0141529	-0.00129075	
0.0527224	-0.262282	0.826223	-1.41724	-0.0209051	-0.0141672	-0.00129232	
0.0530854	-0.26229	0.826403	-1.41683	-0.0209309	-0.0141772	-0.00129561	
0.0534487	-0.262298	0.826582	-1.41643	-0.0209575	-0.0141882	-0.00129847	
0.0538116	-0.262305	0.826761	-1.41602	-0.020982	-0.0142037	-0.0012922	
0.0541803	-0.262316	0.826937	-1.41562	-0.0210099	-0.01422	-0.00129588	
0.0545425	-0.262322	0.827115	-1.41522	-0.0210366	-0.0142314	-0.00130038	
0.0549084	-0.262329	0.827293	-1.41482	-0.021063	-0.0142468	-0.00130482	
0.055273	-0.262341	0.827473	-1.41441	-0.0210885	-0.0142563	-0.00130204	
0.0556374	-0.262348	0.827652	-1.41401	-0.0211148	-0.0142693	-0.00130776	
0.0560027	-0.262358	0.827829	-1.41361	-0.0211411	-0.0142836	-0.00130488	
0.0563656	-0.262364	0.828009	-1.4132	-0.0211675	-0.0142933	-0.00131189	
0.0567294	-0.262374	0.828187	-1.4128	-0.0211939	-0.0143043	-0.00131029	
0.0570956	-0.262381	0.828367	-1.4124	-0.0212182	-0.0143216	-0.00130771	
0.0574605	-0.262388	0.828541	-1.41199	-0.0212474	-0.0143357	-0.00131595	
0.0578252	-0.262395	0.828722	-1.41159	-0.0212718	-0.0143498	-0.00131464	
0.0581893	-0.262406	0.828902	-1.41119	-0.0212973	-0.0143572	-0.00131597	
0.0585558	-0.262415	0.829079	-1.41079	-0.021324	-0.0143737	-0.00131552	
0.0589191	-0.26242	0.829259	-1.41038	-0.021349	-0.0143865	-0.00131585	
0.0592841	-0.262429	0.829436	-1.40998	-0.0213755	-0.0144007	-0.00131706	
0.0596472	-0.262438	0.829615	-1.40958	-0.0214019	-0.0144088	-0.00131958	
0.060014	-0.262448	0.829794	-1.40918	-0.0214277	-0.0144218	-0.00132205	
0.0603765	-0.262451	0.829972	-1.40877	-0.0214534	-0.0144361	-0.00132316	
0.0607417	-0.262461	0.830152	-1.40837	-0.0214791	-0.0144459	-0.00132729	
0.0611093	-0.262468	0.830328	-1.40796	-0.0215061	-0.0144648	-0.00132969	
0.0614837	-0.262505	0.830506	-1.4076	-0.0215366	-0.0144706	-0.00132233	
0.061837	-0.262486	0.830688	-1.40716	-0.0215591	-0.0144892	-0.00132891	
0.0622012	-0.262494	0.830866	-1.40676	-0.0215857	-0.0144997	-0.00133384	
0.0625656	-0.262501	0.831044	-1.40635	-0.0216127	-0.0145122	-0.00133914	
0.0629311	-0.262511	0.831225	-1.40595	-0.0216364	-0.0145232	-0.00133575	
0.0632959	-0.262515	0.8314	-1.40554	-0.0216641	-0.0145396	-0.001341	
0.0636631	-0.262527	0.831578	-1.40515	-0.0216903	-0.0145523	-0.0013385	
0.0640278	-0.262535	0.831757	-1.40474	-0.0217161	-0.0145614	-0.00134628	
0.0643942	-0.262542	0.831934	-1.40434	-0.0217416	-0.0145794	-0.0013428	
0.0647565	-0.26255	0.832117	-1.40394	-0.0217657	-0.0145853	-0.00134226	
0.0651219	-0.262556	0.832293	-1.40353	-0.0217929	-0.0145994	-0.00134998	
0.0654882	-0.262565	0.832468	-1.40313	-0.0218199	-0.0146157	-0.00134902	
0.0658513	-0.262571	0.832647	-1.40272	-0.0218452	-0.0146274	-0.0013484	
0.066216	-0.262579	0.832829	-1.40232	-0.0218692	-0.0146361	-0.00134904	
0.0665815	-0.262586	0.833003	-1.40192	-0.0218983	-0.0146496	-0.00135888	
0.0669467	-0.262593	0.833183	-1.40151	-0.021923	-0.0146623	-0.00135948	
0.0673133	-0.262603	0.83336	-1.40111	-0.0219495	-0.0146755	-0.00136098	
0.0676769	-0.262609	0.83354	-1.40071	-0.0219741	-0.0146851	-0.00136279	
0.0680418	-0.262619	0.833718	-1.40031	-0.0220006	-0.0146943	-0.00136551	
0.0684052	-0.262624	0.833898	-1.3999	-0.0220243	-0.0147086	-0.00135766	
0.0687739	-0.262633	0.834075	-1.3995	-0.0220506	-0.0147238	-0.00136079	
0.0691376	-0.262642	0.834252	-1.3991	-0.0220771	-0.0147328	-0.00136468	
0.0695036	-0.262647	0.834432	-1.3987	-0.022102	-0.0147465	-0.00136768	
0.0698675	-0.262654	0.834608	-1.39829	-0.0221293	-0.0147585	-0.00137195	
0.0702324	-0.262664	0.834788	-1.39789	-0.0221539	-0.0147675	-0.00136746	
0.0705981	-0.262672	0.834966	-1.39749	-0.0221802	-0.0147786	-0.00137297	
0.0709629	-0.262676	0.835144	-1.39708	-0.0222055	-0.0147932	-0.00137712	
0.0713317	-0.262685	0.835322	-1.39668	-0.0222303	-0.0148101	-0.00137304	
0.071696	-0.262692	0.835499	-1.39628	-0.0222569	-0.0148193	-0.00137973	
0.0720599	-0.262699	0.835677	-1.39587	-0.0222823	-0.0148312	-0.00137637	
0.0724279	-0.262707	0.835854	-1.39547	-0.0223089	-0.0148456	-0.0013831	
0.0727901	-0.262714	0.836033	-1.39507	-0.022334	-0.0148544	-0.00138131	
0.0731558	-0.262721	0.836212	-1.39466	-0.0223588	-0.0148664	-0.00137958	
0.0735224	-0.262728	0.836389	-1.39426	-0.0223854	-0.0148797	-0.00138747	
0.0738864	-0.262736	0.836569	-1.39386	-0.0224101	-0.0148879	-0.00138652	
0.0742529	-0.262741	0.836744	-1.39345	-0.022436	-0.0149059	-0.00138473	
0.0746192	-0.26275	0.836925	-1.39305	-0.022461	-0.0149125	-0.00139507	
0.0749951	-0.262783	0.837101	-1.39269	-0.0224906	-0.0149267	-0.00138213	
0.0753498	-0.262768	0.837283	-1.39225	-0.0225144	-0.0149369	-0.0013962	
0.0757147	-0.262772	0.837458	-1.39184	-0.022541	-0.0149542	-0.00139558	
0.0760792	-0.26278	0.837639	-1.39144	-0.022565	-0.0149615	-0.00139739	
0.0764459	-0.262785	0.837816	-1.39104	-0.0225903	-0.0149779	-0.001398	
0.0768118	-0.262795	0.837994	-1.39064	-0.0226164	-0.014987	-0.00140113	
0.0771768	-0.2628	0.838172	-1.39023	-0.0226416	-0.0149995	-0.00140291	
0.0775431	-0.262808	0.838347	-1.38983	-0.0226686	-0.0150117	-0.00140562	
0.0779065	-0.262814	0.838527	-1.38942	-0.0226933	-0.0150213	-0.00140854	
0.0782725	-0.26282	0.838707	-1.38902	-0.0227165	-0.0150339	-0.00140187	
0.0786373	-0.262828	0.838883	-1.38862	-0.0227433	-0.0150451	-0.00140611	
0.0790058	-0.262836	0.839059	-1.38822	-0.0227699	-0.0150597	-0.00141004	
0.0793709	-0.262841	0.839238	-1.38781	-0.0227946	-0.0150698	-0.0014142	
0.0797369	-0.26285	0.839416	-1.38741	-0.0228195	-0.0150811	-0.00140958	
0.0801024	-0.262854	0.839594	-1.38701	-0.0228447	-0.0150953	-0.00141412	
0.0804672	-0.262862	0.839772	-1.3866	-0.0228707	-0.0151022	-0.00142034	
0.0808316	-0.26287	0.83995	-1.3862	-0.0228956	-0.0151118	-0.00141725	
0.081199	-0.262875	0.840129	-1.3858	-0.02292	-0.0151263	-0.0014226	
0.0815638	-0.262881	0.840306	-1.38539	-0.0229457	-0.015139	-0.0014191	
0.0819304	-0.26289	0.840484	-1.38499	-0.0229713	-0.0151474	-0.00142694	
0.0822968	-0.262898	0.840663	-1.38459	-0.0229959	-0.0151585	-0.00142466	
0.0826633	-0.262905	0.84084	-1.38419	-0.0230207	-0.0151716	-0.00142278	
0.0830305	-0.262911	0.841016	-1.38379	-0.0230474	-0.0151852	-0.00143021	
0.0833954	-0.262918	0.841195	-1.38338	-0.023072	-0.0151945	-0.00142904	
0.0837601	-0.262925	0.841373	-1.38298	-0.0230969	-0.015205	-0.00142827	
0.0841257	-0.26293	0.841549	-1.38258	-0.0231237	-0.015216	-0.00143683	
0.0844942	-0.262937	0.841726	-1.38217	-0.0231486	-0.0152318	-0.00143617	
0.0848575	-0.262943	0.841904	-1.38177	-0.0231735	-0.0152406	-0.0014361	
0.0852242	-0.262949	0.842083	-1.38137	-0.023198	-0.0152526	-0.00143655	
0.085591	-0.262955	0.84226	-1.38096	-0.023223	-0.0152658	-0.00143661	
0.0859559	-0.262962	0.84244	-1.38056	-0.0232471	-0.0152742	-0.00143816	
0.086321	-0.262968	0.842619	-1.38016	-0.0232717	-0.0152837	-0.0014393	
0.0866874	-0.262977	0.842795	-1.37975	-0.0232979	-0.0152938	-0.00144179	
0.0870528	-0.262982	0.842972	-1.37935	-0.0233232	-0.0153065	-0.00144294	
0.0874216	-0.262987	0.843149	-1.37895	-0.0233479	-0.0153233	-0.00144462	
0.087785	-0.262992	0.843327	-1.37854	-0.023373	-0.0153314	-0.00144688	
0.0881533	-0.263001	0.843504	-1.37814	-0.0233986	-0.0153431	-0.00145058	
0.0885171	-0.263004	0.84368	-1.37774	-0.0234244	-0.0153545	-0.00145284	
0.0888834	-0.263013	0.843859	-1.37734	-0.0234497	-0.0153617	-0.00145763	
0.0892483	-0.263018	0.844038	-1.37693	-0.0234727	-0.0153729	-0.00145132	
0.0896149	-0.263026	0.844214	-1.37653	-0.0234987	-0.0153833	-0.00145612	
0.0899838	-0.263031	0.844392	-1.37613	-0.023523	-0.0153984	-0.00145973	
0.0903479	-0.263039	0.844571	-1.37572	-0.0235475	-0.0154049	-0.00145585	
0.0907138	-0.263041	0.844746	-1.37532	-0.0235734	-0.0154211	-0.00145934	
0.0910822	-0.263049	0.844923	-1.37492	-0.0235989	-0.0154323	-0.00146537	
0.0914482	-0.263058	0.845103	-1.37452	-0.0236223	-0.0154393	-0.00146228	
0.0918121	-0.263059	0.845279	-1.37411	-0.0236482	-0.0154522	-0.00146725	
0.0921782	-0.263067	0.845458	-1.37371	-0.0236724	-0.0154615	-0.00146418	
0.092545	-0.263073	0.845634	-1.3733	-0.023698	-0.0154723	-0.00147128	
0.0929113	-0.26308	0.845811	-1.3729	-0.0237232	-0.015484	-0.00146823	
0.0932796	-0.263089	0.84599	-1.3725	-0.0237476	-0.0154925	-0.00147613	
0.0936449	-0.263089	0.846166	-1.37209	-0.023772	-0.0155088	-0.00147256	
0.0940129	-0.263097	0.846344	-1.37169	-0.023796	-0.0155211	-0.0014707	
0.094376	-0.263103	0.846523	-1.37129	-0.023821	-0.015525	-0.00147991	
0.0947441	-0.263109	0.8467	-1.37089	-0.023846	-0.0155388	-0.0014781	
0.0951104	-0.263116	0.846878	-1.37048	-0.0238698	-0.0155486	-0.00147728	
0.0954765	-0.263122	0.847056	-1.37008	-0.0238941	-0.0155588	-0.0014769	
0.0958435	-0.263127	0.847233	-1.36968	-0.0239198	-0.0155705	-0.00148591	
0.0962112	-0.263135	0.847408	-1.36928	-0.0239463	-0.0155816	-0.00148609	
0.0965757	-0.26314	0.847586	-1.36887	-0.0239704	-0.0155895	-0.00148634	
0.0969436	-0.263147	0.847765	-1.36847	-0.0239939	-0.0156014	-0.00148716	
0.0973082	-0.263151	0.847942	-1.36807	-0.0240188	-0.0156116	-0.00148744	
0.0976764	-0.263156	0.848118	-1.36766	-0.0240431	-0.015626	-0.00148788	
0.0980436	-0.263165	0.848297	-1.36726	-0.0240681	-0.0156325	-0.00149029	
0.0984086	-0.263167	0.848471	-1.36686	-0.024094	-0.0156472	-0.0014906	
0.0987749	-0.263171	0.848649	-1.36645	-0.0241183	-0.0156583	-0.00149209	
0.0991406	-0.26318	0.848827	-1.36605	-0.0241427	-0.0156633	-0.0014955	
0.0995103	-0.263185	0.849004	-1.36565	-0.0241669	-0.015679	-0.0014972	
0.0998761	-0.263193	0.849181	-1.36525	-0.0241921	-0.0156865	-0.00150064	
0.100241	-0.263196	0.849359	-1.36484	-0.0242165	-0.0156957	-0.00150317	
0.10061	-0.263204	0.849535	-1.36444	-0.0242417	-0.0157076	-0.00150683	
0.100977	-0.263207	0.849713	-1.36404	-0.0242649	-0.0157227	-0.00149975	
0.101341	-0.263214	0.849889	-1.36363	-0.0242903	-0.0157282	-0.00150422	
0.101707	-0.263217	0.850068	-1.36323	-0.0243139	-0.0157384	-0.00150795	
0.102075	-0.263224	0.850244	-1.36283	-0.0243393	-0.0157484	-0.00151265	
0.102442	-0.26323	0.85042	-1.36242	-0.0243641	-0.0157602	-0.00150714	
0.102809	-0.263235	0.850601	-1.36202	-0.0243864	-0.0157702	-0.00151205	
0.103177	-0.263239	0.850774	-1.36162	-0.0244129	-0.0157839	-0.00151681	
0.103542	-0.263245	0.850951	-1.36121	-0.0244375	-0.0157925	-0.0015123	
0.103911	-0.263251	0.851128	-1.36081	-0.0244623	-0.0158048	-0.00151822	
0.104278	-0.263259	0.851307	-1.36041	-0.0244852	-0.0158121	-0.00151487	
0.104642	-0.263259	0.851482	-1.36	-0.0245104	-0.0158253	-0.00151971	
0.105009	-0.263265	0.85166	-1.3596	-0.0245341	-0.015835	-0.00151638	
0.105376	-0.26327	0.851837	-1.3592	-0.0245592	-0.0158445	-0.00152334	
0.105745	-0.263278	0.852016	-1.3588	-0.0245819	-0.0158547	-0.00152081	
0.106111	-0.263282	0.852193	-1.35839	-0.0246068	-0.0158642	-0.00152826	
0.106477	-0.263287	0.85237	-1.35799	-0.0246309	-0.0158741	-0.00152566	
0.106845	-0.263293	0.852548	-1.35759	-0.0246545	-0.0158851	-0.00152349	
0.107212	-0.2633	0.852722	-1.35719	-0.024681	-0.0158929	-0.00153208	
0.10758	-0.263305	0.8529	-1.35678	-0.0247044	-0.0159045	-0.00153071	
0.107947	-0.26331	0.853078	-1.35638	-0.0247281	-0.0159144	-0.00152923	
0.108314	-0.263314	0.853254	-1.35598	-0.0247526	-0.0159253	-0.00153771	
0.108681	-0.263318	0.853432	-1.35557	-0.0247764	-0.0159351	-0.00153664	
0.109048	-0.263326	0.853608	-1.35517	-0.0248013	-0.0159441	-0.0015367	
0.109414	-0.263329	0.853785	-1.35477	-0.024825	-0.0159545	-0.00153602	
0.10978	-0.263332	0.853961	-1.35436	-0.0248499	-0.0159635	-0.00154499	
0.110149	-0.263341	0.854138	-1.35396	-0.0248744	-0.0159735	-0.00154589	
0.110514	-0.263343	0.854315	-1.35356	-0.0248982	-0.0159835	-0.0015458	
0.110882	-0.26335	0.854491	-1.35316	-0.0249228	-0.0159933	-0.0015471	
0.11125	-0.263354	0.854669	-1.35275	-0.0249462	-0.0160044	-0.00154724	
0.111617	-0.263361	0.854845	-1.35235	-0.0249707	-0.0160133	-0.00154902	
0.111984	-0.263364	0.855023	-1.35195	-0.0249941	-0.0160242	-0.00154956	
0.112351	-0.26337	0.855199	-1.35154	-0.0250187	-0.0160329	-0.00155173	
0.112717	-0.263372	0.855376	-1.35114	-0.0250422	-0.0160436	-0.00155266	
0.113086	-0.263379	0.855553	-1.35074	-0.0250663	-0.0160534	-0.00155507	
0.113453	-0.263384	0.855729	-1.35033	-0.0250911	-0.0160625	-0.00155775	
0.11382	-0.263387	0.855907	-1.34993	-0.0251139	-0.0160735	-0.00155961	
0.114186	-0.263391	0.856083	-1.34953	-0.025139	-0.0160815	-0.00156228	
0.114553	-0.263398	0.85626	-1.34912	-0.0251624	-0.0160914	-0.00155559	
0.114921	-0.263403	0.856436	-1.34872	-0.0251868	-0.0161014	-0.00155889	
0.115289	-0.263408	0.856613	-1.34832	-0.025211	-0.0161106	-0.00156247	
0.115656	-0.263413	0.856789	-1.34792	-0.0252353	-0.0161204	-0.00156616	
0.116026	-0.263419	0.856966	-1.34752	-0.0252589	-0.0161307	-0.00157039	
0.116392	-0.263424	0.857143	-1.34711	-0.0252828	-0.01614	-0.00156419	
0.116758	-0.263427	0.857319	-1.34671	-0.0253072	-0.0161481	-0.00156854	
0.117127	-0.263432	0.857496	-1.34631	-0.0253309	-0.0161588	-0.00157327	
0.117495	-0.263437	0.857673	-1.3459	-0.0253546	-0.0161688	-0.00157785	
0.117863	-0.263442	0.85785	-1.3455	-0.0253778	-0.016179	-0.00157289	
0.118228	-0.263444	0.858025	-1.34509	-0.0254024	-0.0161874	-0.00157763	
0.118595	-0.263448	0.858202	-1.34469	-0.0254256	-0.0161975	-0.00157296	
0.118965	-0.263454	0.85838	-1.34429	-0.0254486	-0.0162084	-0.00157866	
0.119331	-0.263457	0.858557	-1.34389	-0.0254727	-0.016217	-0.00158422	
0.119698	-0.263463	0.858732	-1.34348	-0.0254973	-0.0162255	-0.00158093	
0.120068	-0.263467	0.858909	-1.34308	-0.0255205	-0.0162361	-0.00158705	
0.120433	-0.26347	0.859086	-1.34268	-0.0255441	-0.0162456	-0.00158308	
0.120802	-0.263477	0.859261	-1.34228	-0.0255688	-0.0162538	-0.00159046	
0.12117	-0.26348	0.859439	-1.34187	-0.0255913	-0.0162646	-0.00158712	
0.121539	-0.263487	0.859615	-1.34147	-0.0256155	-0.0162737	-0.00158486	
0.121906	-0.263489	0.859792	-1.34107	-0.025639	-0.0162838	-0.00159168	
0.122273	-0.263496	0.859968	-1.34066	-0.0256632	-0.0162914	-0.00158979	
0.12264	-0.263497	0.860144	-1.34026	-0.0256866	-0.0163014	-0.0015969	
0.123007	-0.263503	0.86032	-1.33986	-0.0257108	-0.0163094	-0.00159522	
0.123376	-0.263506	0.860498	-1.33945	-0.0257329	-0.016321	-0.00159301	
0.123743	-0.26351	0.860673	-1.33905	-0.0257581	-0.0163283	-0.00160149	
0.124112	-0.263516	0.860849	-1.33865	-0.0257816	-0.0163375	-0.00160052	
0.124479	-0.263518	0.861027	-1.33825	-0.0258039	-0.0163487	-0.00159871	
0.124848	-0.263524	0.861203	-1.33784	-0.0258277	-0.0163576	-0.00159801	
0.125216	-0.263528	0.861378	-1.33744	-0.0258519	-0.0163669	-0.00160733	
0.125584	-0.263533	0.861555	-1.33704	-0.0258757	-0.0163749	-0.00160691	
0.125951	-0.263538	0.861731	-1.33663	-0.0258994	-0.0163836	-0.00160662	
0.126317	-0.263538	0.861908	-1.33623	-0.0259218	-0.0163929	-0.00160553	
0.126687	-0.263544	0.862085	-1.33583	-0.0259449	-0.0164035	-0.00160574	
0.127053	-0.263547	0.86226	-1.33542	-0.0259695	-0.0164107	-0.00161572	
0.127422	-0.263551	0.862437	-1.33502	-0.0259924	-0.0164212	-0.00161625	
0.127791	-0.263556	0.862613	-1.33462	-0.0260157	-0.01643	-0.00161691	
0.128156	-0.263558	0.862789	-1.33421	-0.0260397	-0.0164381	-0.00161735	
0.128524	-0.263562	0.862965	-1.33381	-0.026063	-0.0164475	-0.0016182	
0.128893	-0.263569	0.86314	-1.33341	-0.0260877	-0.0164546	-0.00162014	
0.129264	-0.263574	0.863317	-1.33301	-0.02611	-0.016466	-0.00162161	
0.12963	-0.263577	0.863494	-1.3326	-0.0261334	-0.0164736	-0.00162289	
0.129997	-0.263579	0.863669	-1.3322	-0.0261568	-0.0164827	-0.00162425	
0.130366	-0.263583	0.863846	-1.3318	-0.0261794	-0.0164929	-0.00162603	
0.130733	-0.263588	0.864021	-1.33139	-0.0262041	-0.0164997	-0.00162862	
0.131102	-0.263591	0.864198	-1.33099	-0.0262269	-0.0165098	-0.00163061	
0.13147	-0.263594	0.864374	-1.33059	-0.0262495	-0.0165191	-0.0016328	
0.131839	-0.263601	0.86455	-1.33019	-0.0262731	-0.0165272	-0.00162613	
0.132207	-0.263603	0.864727	-1.32978	-0.0262959	-0.0165364	-0.00162852	
0.132575	-0.263608	0.864902	-1.32938	-0.02632	-0.0165448	-0.00163192	
0.132942	-0.26361	0.865078	-1.32898	-0.0263429	-0.0165537	-0.00163451	
0.13331	-0.263615	0.865253	-1.32857	-0.0263672	-0.0165603	-0.00163819	
0.133679	-0.263617	0.86543	-1.32817	-0.0263891	-0.0165713	-0.00164136	
0.134049	-0.263623	0.865607	-1.32777	-0.0264123	-0.0165802	-0.00163565	
0.134415	-0.263623	0.865783	-1.32736	-0.0264352	-0.0165889	-0.00163865	
0.134784	-0.263629	0.865958	-1.32696	-0.0264587	-0.0165969	-0.00164312	
0.135153	-0.263634	0.866134	-1.32656	-0.0264824	-0.0166055	-0.00164761	
0.13552	-0.263635	0.866311	-1.32616	-0.0265042	-0.0166155	-0.00164135	
0.135889	-0.263639	0.866486	-1.32575	-0.0265278	-0.0166233	-0.00164615	
0.136257	-0.263643	0.866662	-1.32535	-0.0265515	-0.0166313	-0.00165096	
0.136624	-0.263647	0.866837	-1.32495	-0.0265747	-0.0166393	-0.00164593	
0.136995	-0.263652	0.867014	-1.32455	-0.0265976	-0.0166485	-0.00165135	
0.137362	-0.263654	0.867188	-1.32414	-0.0266214	-0.0166559	-0.00165649	
0.137732	-0.263659	0.867365	-1.32374	-0.026644	-0.0166653	-0.00165212	
0.138101	-0.263663	0.867541	-1.32334	-0.0266669	-0.016674	-0.00165782	
0.138467	-0.263665	0.867716	-1.32293	-0.0266903	-0.0166811	-0.0016533	
0.138835	-0.263668	0.867892	-1.32253	-0.0267134	-0.0166895	-0.00165918	
0.139204	-0.263672	0.868068	-1.32213	-0.0267362	-0.0166985	-0.00165515	
0.139575	-0.263676	0.868245	-1.32173	-0.0267584	-0.0167081	-0.00166161	
0.139942	-0.263678	0.86842	-1.32132	-0.0267812	-0.0167169	-0.00165777	
0.14031	-0.263681	0.868596	-1.32092	-0.0268043	-0.0167241	-0.00166405	
0.140679	-0.263684	0.868773	-1.32051	-0.0268263	-0.0167341	-0.00166082	
0.141073	-0.263733	0.868942	-1.32015	-0.0268615	-0.01674	-0.00167745	
0.141415	-0.263693	0.869125	-1.31971	-0.0268754	-0.0167515	-0.00166523	
0.141784	-0.263695	0.869301	-1.31931	-0.0268978	-0.0167603	-0.00167218	
0.142149	-0.263696	0.869477	-1.3189	-0.0269207	-0.016767	-0.00166895	
0.142519	-0.263702	0.869652	-1.3185	-0.0269443	-0.0167751	-0.00166702	
0.14289	-0.263705	0.869829	-1.3181	-0.026966	-0.0167854	-0.00167463	
0.143259	-0.26371	0.870003	-1.3177	-0.0269895	-0.0167926	-0.00167293	
0.143626	-0.263711	0.870179	-1.31729	-0.0270121	-0.0168004	-0.00168032	
0.143994	-0.263715	0.870354	-1.31689	-0.0270357	-0.0168074	-0.00167876	
0.144364	-0.263717	0.870531	-1.31648	-0.0270572	-0.0168173	-0.00167674	
0.144731	-0.26372	0.870705	-1.31608	-0.0270812	-0.0168236	-0.00168528	
0.1451	-0.263722	0.870882	-1.31568	-0.0271028	-0.0168332	-0.0016834	
0.14547	-0.263726	0.871057	-1.31528	-0.0271258	-0.0168416	-0.00168253	
0.14584	-0.263731	0.871232	-1.31487	-0.0271487	-0.0168495	-0.00168176	
0.146208	-0.263731	0.871408	-1.31447	-0.0271706	-0.016858	-0.00169008	
0.146576	-0.263735	0.871584	-1.31407	-0.0271936	-0.0168655	-0.00168945	
0.146945	-0.263738	0.871758	-1.31366	-0.0272167	-0.0168732	-0.00168888	
0.147316	-0.263743	0.871935	-1.31326	-0.0272388	-0.0168819	-0.00168881	
0.147684	-0.263746	0.872109	-1.31286	-0.027262	-0.0168891	-0.0016884	
0.148054	-0.26375	0.872285	-1.31246	-0.0272846	-0.0168978	-0.0016984	
0.148421	-0.263752	0.87246	-1.31205	-0.0273077	-0.0169041	-0.00169813	
0.148802	-0.263783	0.872636	-1.3117	-0.0273332	-0.0169146	-0.0016814	
0.149158	-0.263756	0.872814	-1.31125	-0.0273531	-0.0169234	-0.0016978	
0.149528	-0.263763	0.872989	-1.31085	-0.0273768	-0.0169301	-0.00169907	
0.149897	-0.263765	0.873164	-1.31044	-0.0273994	-0.0169384	-0.0016994	
0.150265	-0.263767	0.873339	-1.31004	-0.0274216	-0.0169455	-0.00169994	
0.150634	-0.263769	0.873514	-1.30963	-0.0274442	-0.0169535	-0.00170039	
0.151001	-0.263771	0.87369	-1.30923	-0.0274668	-0.0169607	-0.001701	
0.151372	-0.263774	0.873866	-1.30883	-0.0274884	-0.0169697	-0.00170204	
0.151739	-0.263775	0.874041	-1.30842	-0.027511	-0.0169766	-0.00170277	
0.15211	-0.263781	0.874215	-1.30802	-0.0275342	-0.0169844	-0.00170489	
0.15248	-0.263783	0.874391	-1.30762	-0.027556	-0.016993	-0.00170611	
0.152849	-0.263784	0.874567	-1.30722	-0.0275779	-0.0170017	-0.0017074	
0.153219	-0.263789	0.874742	-1.30682	-0.027601	-0.0170085	-0.0017097	
0.153587	-0.263791	0.874917	-1.30641	-0.0276227	-0.0170161	-0.00171116	
0.153956	-0.263791	0.875093	-1.30601	-0.0276448	-0.0170245	-0.00171257	
0.154325	-0.263795	0.875267	-1.3056	-0.027668	-0.0170309	-0.00171506	
0.154696	-0.263797	0.875443	-1.3052	-0.0276891	-0.0170403	-0.00171707	
0.155064	-0.2638	0.875617	-1.3048	-0.0277123	-0.0170463	-0.00171963	
0.155435	-0.263805	0.875792	-1.3044	-0.0277349	-0.0170544	-0.00172267	
0.155802	-0.263804	0.875967	-1.30399	-0.0277569	-0.0170613	-0.00172442	
0.156172	-0.263809	0.876142	-1.30359	-0.0277793	-0.0170684	-0.00172759	
0.156542	-0.263813	0.876317	-1.30319	-0.0278018	-0.0170764	-0.00172084	
0.156911	-0.263812	0.876493	-1.30278	-0.0278231	-0.017085	-0.00172311	
0.15728	-0.263816	0.876668	-1.30238	-0.0278456	-0.0170916	-0.00172644	
0.157649	-0.263819	0.876843	-1.30198	-0.0278682	-0.0170983	-0.00172983	
0.158018	-0.263821	0.877017	-1.30158	-0.0278908	-0.0171051	-0.0017312	
0.158388	-0.263821	0.877194	-1.30117	-0.0279113	-0.0171148	-0.00173218	
0.158757	-0.263824	0.877368	-1.30077	-0.027934	-0.0171211	-0.00173266	
0.159128	-0.263827	0.877543	-1.30037	-0.027956	-0.0171296	-0.00173463	
0.159495	-0.263828	0.877717	-1.29996	-0.0279786	-0.0171354	-0.00173622	
0.159865	-0.263831	0.877892	-1.29956	-0.0280006	-0.0171433	-0.0017373	
0.160235	-0.263833	0.878068	-1.29916	-0.0280224	-0.0171507	-0.00173844	
0.160605	-0.263836	0.878243	-1.29875	-0.0280443	-0.0171581	-0.0017396	
0.160974	-0.263837	0.878417	-1.29835	-0.0280663	-0.0171656	-0.00174176	
0.161343	-0.263839	0.878592	-1.29795	-0.0280883	-0.0171726	-0.00174202	
0.161716	-0.263845	0.878767	-1.29755	-0.0281107	-0.0171802	-0.0017447	
